########
resolution=0.2
radius=0.9
KNN=20
angle1=70.0
angle2=70.0
angle3=25.0
angle4=75.0
branchThick=0.04
leafSize=0.13
refineTrunk=0
360476.478000	8132801.952000	43.691000
5.000000	39.475000	360476.929000
8132801.933000	44.258000	5.000000
39.412000	360476.362000	8132801.987000
44.290000	5.000000	39.484000
360477.323000	8132801.867000	43.992000
5.000000	39.360000	360477.182000
8132801.919000	44.371000	5.000000
39.374000	360477.112000	8132801.917000
44.397000	5.000000	39.386000
360478.966000	8132801.978000	43.146000
5.000000	39.086000	360478.016000
8132801.957000	43.415000	5.000000
39.237000	360478.174000	8132801.948000
43.500000	5.000000	39.213000
360478.760000	8132801.737000	43.860000
5.000000	39.138000	360478.719000
8132801.929000	43.880000	5.000000
39.129000	360478.660000	8132801.967000
43.888000	5.000000	39.135000
360478.956000	8132801.750000	43.903000
5.000000	39.104000	360478.407000
8132801.927000	43.910000	5.000000
39.178000	360478.979000	8132801.909000
43.922000	5.000000	39.089000
360478.337000	8132801.988000	44.200000
5.000000	39.183000	360475.716000
8132802.740000	43.427000	5.000000
39.379000	360475.669000	8132802.477000
43.541000	5.000000	39.454000
360475.707000	8132802.289000	43.652000
5.000000	39.499000	360475.729000
8132802.564000	43.678000	5.000000
39.424000	360475.749000	8132802.807000
43.807000	5.000000	39.359000
360475.848000	8132802.762000	43.876000
5.000000	39.362000	360475.830000
8132802.491000	43.915000	5.000000
39.432000	360475.432000	8132802.882000
44.252000	5.000000	39.366000
360475.723000	8132802.389000	44.267000
5.000000	39.471000	360475.705000
8132802.532000	44.315000	5.000000
39.435000	360475.438000	8132802.833000
44.318000	5.000000	39.379000
360475.733000	8132802.235000	44.341000
5.000000	39.510000	360475.970000
8132802.516000	44.415000	5.000000
39.411000	360475.669000	8132802.821000
44.448000	5.000000	39.362000
360475.765000	8132802.892000	44.517000
5.000000	39.335000	360475.894000
8132802.817000	44.660000	5.000000
39.344000	360476.846000	8132802.289000
42.474000	5.000000	39.358000
360476.821000	8132802.375000	42.484000
5.000000	39.345000	360476.910000
8132802.842000	43.149000	5.000000
39.250000	360476.730000	8132802.673000
43.763000	5.000000	39.298000
360476.196000	8132802.153000	43.810000
5.000000	39.470000	360476.242000
8132802.159000	43.837000	5.000000
39.462000	360476.419000	8132802.431000
43.837000	5.000000	39.381000
360476.963000	8132802.662000	43.891000
5.000000	39.278000	360476.563000
8132802.978000	44.089000	5.000000
39.252000	360476.611000	8132802.941000
44.096000	5.000000	39.256000
360476.105000	8132802.184000	44.103000
5.000000	39.475000	360476.825000
8132802.184000	44.108000	5.000000
39.380000	360476.021000	8132802.254000
44.124000	5.000000	39.469000
360476.541000	8132802.692000	44.129000
5.000000	39.313000	360476.495000
8132802.095000	44.151000	5.000000
39.442000	360476.899000	8132802.118000
44.195000	5.000000	39.383000
360476.583000	8132802.722000	44.229000
5.000000	39.303000	360476.570000
8132802.448000	44.245000	5.000000
39.360000	360476.280000	8132802.478000
44.281000	5.000000	39.386000
360476.064000	8132802.776000	44.318000
5.000000	39.339000	360476.318000
8132802.181000	44.319000	5.000000
39.447000	360476.822000	8132802.431000
44.321000	5.000000	39.335000
360476.237000	8132802.010000	44.338000
5.000000	39.497000	360476.258000
8132802.287000	44.355000	5.000000
39.431000	360476.845000	8132802.405000
44.356000	5.000000	39.337000
360476.041000	8132802.467000	44.357000
5.000000	39.415000	360476.577000
8132802.160000	44.357000	5.000000
39.418000	360476.281000	8132802.566000
44.410000	5.000000	39.366000
360476.303000	8132802.859000	44.419000
5.000000	39.298000	360476.514000
8132802.294000	44.476000	5.000000
39.398000	360476.183000	8132802.788000
44.621000	5.000000	39.325000
360476.083000	8132802.961000	44.684000
5.000000	39.293000	360476.060000
8132802.652000	44.733000	5.000000
39.369000	360476.679000	8132802.756000
44.790000	5.000000	39.287000
360476.912000	8132802.980000	44.974000
5.000000	39.225000	360476.882000
8132802.761000	45.098000	5.000000
39.267000	360476.874000	8132802.762000
45.108000	5.000000	39.268000
360476.858000	8132802.450000	45.115000
5.000000	39.327000	360476.854000
8132802.492000	45.161000	5.000000
39.320000	360476.835000	8132802.135000
45.258000	5.000000	39.388000
360476.899000	8132802.936000	45.425000
5.000000	39.234000	360477.565000
8132802.255000	41.822000	5.000000
39.265000	360477.313000	8132802.708000
41.868000	5.000000	39.229000
360477.347000	8132802.474000	41.962000
5.000000	39.261000	360477.585000
8132802.488000	42.040000	5.000000
39.228000	360477.117000	8132802.315000
42.091000	5.000000	39.318000
360477.342000	8132802.345000	42.395000
5.000000	39.282000	360477.580000
8132802.346000	42.516000	5.000000
39.249000	360477.056000	8132802.794000
42.685000	5.000000	39.245000
360477.893000	8132802.307000	42.886000
5.000000	39.211000	360477.596000
8132802.481000	43.014000	5.000000
39.228000	360477.885000	8132802.112000
43.536000	5.000000	39.237000
360477.371000	8132802.529000	43.708000
5.000000	39.250000	360477.810000
8132802.026000	44.068000	5.000000
39.260000	360477.583000	8132802.153000
44.106000	5.000000	39.277000
360477.136000	8132802.229000	44.350000
5.000000	39.330000	360477.445000
8132802.081000	44.360000	5.000000
39.308000	360477.341000	8132802.046000
44.374000	5.000000	39.329000
360477.660000	8132802.868000	44.394000
5.000000	39.165000	360477.126000
8132802.114000	44.409000	5.000000
39.351000	360477.655000	8132802.363000
44.414000	5.000000	39.237000
360477.602000	8132802.342000	44.463000
5.000000	39.247000	360477.360000
8132802.255000	44.621000	5.000000
39.294000	360477.895000	8132802.071000
44.657000	5.000000	39.241000
360477.608000	8132802.093000	44.706000
5.000000	39.282000	360477.818000
8132802.888000	44.837000	5.000000
39.145000	360477.380000	8132802.458000
44.928000	5.000000	39.259000
360477.210000	8132802.952000	44.961000
5.000000	39.201000	360477.151000
8132802.321000	44.968000	5.000000
39.312000	360477.463000	8132802.426000
45.020000	5.000000	39.253000
360477.193000	8132802.837000	45.168000
5.000000	39.222000	360477.614000
8132802.400000	45.178000	5.000000
39.237000	360477.136000	8132802.746000
45.209000	5.000000	39.243000
360477.401000	8132802.954000	45.209000
5.000000	39.180000	360477.394000
8132802.727000	45.273000	5.000000
39.216000	360477.397000	8132802.626000
45.287000	5.000000	39.231000
360477.101000	8132802.481000	45.306000
5.000000	39.292000	360477.170000
8132802.514000	45.326000	5.000000
39.278000	360477.697000	8132802.133000
45.336000	5.000000	39.263000
360477.946000	8132802.117000	45.427000
5.000000	39.228000	360477.907000
8132802.111000	45.435000	5.000000
39.234000	360477.627000	8132802.950000
45.435000	5.000000	39.157000
360477.612000	8132802.448000	45.489000
5.000000	39.230000	360477.927000
8132802.358000	45.521000	5.000000
39.200000	360477.610000	8132802.295000
45.525000	5.000000	39.252000
360477.415000	8132802.821000	45.526000
5.000000	39.199000	360477.872000
8132802.428000	45.537000	5.000000
39.198000	360477.949000	8132802.631000
45.542000	5.000000	39.163000
360477.556000	8132802.744000	45.683000
5.000000	39.194000	360477.629000
8132802.516000	45.687000	5.000000
39.218000	360477.647000	8132802.693000
46.041000	5.000000	39.191000
360477.674000	8132802.770000	46.167000
5.000000	39.177000	360477.945000
8132802.746000	46.177000	5.000000
39.149000	360477.964000	8132802.738000
46.177000	5.000000	39.147000
360477.668000	8132802.927000	46.256000
5.000000	39.156000	360477.904000
8132802.990000	46.293000	5.000000
39.122000	360477.984000	8132802.971000
46.358000	5.000000	39.116000
360478.989000	8132802.283000	43.047000
5.000000	39.060000	360478.414000
8132802.091000	43.364000	5.000000
39.161000	360478.979000	8132802.070000
43.751000	5.000000	39.077000
360478.214000	8132802.410000	43.851000
5.000000	39.155000	360478.191000
8132802.099000	43.971000	5.000000
39.193000	360478.999000	8132802.287000
43.977000	5.000000	39.058000
360478.425000	8132802.115000	44.195000
5.000000	39.156000	360478.678000
8132802.146000	44.209000	5.000000
39.116000	360478.695000	8132802.310000
44.605000	5.000000	39.099000
360478.716000	8132802.532000	44.866000
5.000000	39.077000	360478.436000
8132802.134000	45.044000	5.000000
39.153000	360478.198000	8132802.030000
45.111000	5.000000	39.200000
360478.313000	8132802.063000	45.155000
5.000000	39.179000	360478.218000
8132802.265000	45.239000	5.000000
39.171000	360478.455000	8132802.339000
45.303000	5.000000	39.130000
360478.210000	8132802.382000	45.324000
5.000000	39.159000	360478.483000
8132802.358000	45.341000	5.000000
39.124000	360478.239000	8132802.509000
45.372000	5.000000	39.140000
360478.709000	8132802.369000	45.403000
5.000000	39.092000	360478.730000
8132802.639000	45.451000	5.000000
39.066000	360478.744000	8132802.619000
45.466000	5.000000	39.066000
360478.717000	8132802.351000	45.534000
5.000000	39.092000	360478.475000
8132802.560000	45.552000	5.000000
39.105000	360478.255000	8132802.641000
45.912000	5.000000	39.124000
360478.261000	8132802.708000	46.058000
5.000000	39.116000	360478.274000
8132802.848000	46.176000	5.000000
39.099000	360478.194000	8132802.959000
46.223000	5.000000	39.095000
360478.087000	8132802.994000	46.556000
5.000000	39.102000	360479.722000
8132802.117000	42.667000	5.000000
39.007000	360479.501000	8132802.327000
42.764000	5.000000	39.011000
360479.744000	8132802.359000	42.871000
5.000000	38.988000	360479.851000
8132802.327000	42.946000	5.000000
38.980000	360479.765000	8132802.607000
43.008000	5.000000	38.967000
360479.294000	8132802.415000	43.028000
5.000000	39.023000	360479.271000
8132802.125000	43.038000	5.000000
39.046000	360479.785000	8132802.834000
43.193000	5.000000	38.949000
360479.519000	8132802.483000	43.248000
5.000000	38.998000	360479.310000
8132802.539000	43.612000	5.000000
39.013000	360479.801000	8132802.963000
43.754000	5.000000	38.938000
360479.283000	8132802.171000	43.831000
5.000000	39.042000	360479.533000
8132802.567000	43.940000	5.000000
38.991000	360479.773000	8132802.583000
44.014000	5.000000	38.968000
360479.553000	8132802.809000	44.052000
5.000000	38.971000	360479.300000
8132802.316000	44.344000	5.000000
39.030000	360479.322000	8132802.596000
44.396000	5.000000	39.007000
360479.376000	8132802.482000	44.421000
5.000000	39.011000	360479.016000
8132802.442000	44.457000	5.000000
39.046000	360479.341000	8132802.797000
44.624000	5.000000	38.991000
360479.568000	8132802.925000	44.639000
5.000000	38.961000	360479.032000
8132802.577000	44.954000	5.000000
39.034000	360479.356000	8132802.903000
45.257000	5.000000	38.982000
360479.049000	8132802.742000	45.334000
5.000000	39.021000	360479.579000
8132802.938000	45.514000	5.000000
38.959000	360479.008000	8132802.834000
45.555000	5.000000	39.018000
360479.201000	8132802.835000	45.805000
5.000000	39.001000	360479.066000
8132802.891000	45.836000	5.000000
39.009000	360480.361000	8132802.611000
42.676000	5.000000	38.914000
360480.084000	8132802.746000	42.786000
5.000000	38.929000	360480.382000
8132802.846000	42.881000	5.000000
38.895000	360480.060000	8132802.427000
42.900000	5.000000	38.955000
360480.039000	8132802.844000	44.009000
5.000000	38.925000	360480.110000
8132802.892000	44.189000	5.000000
38.916000	360480.257000	8132802.839000
44.200000	5.000000	38.906000
360475.462000	8132803.508000	43.062000
5.000000	39.283000	360475.963000
8132803.479000	43.284000	5.000000
39.244000	360475.821000	8132803.822000
43.293000	5.000000	39.222000
360475.684000	8132803.505000	43.293000
5.000000	39.264000	360475.231000
8132803.683000	43.335000	5.000000
39.287000	360475.253000	8132803.941000
43.467000	5.000000	39.262000
360475.886000	8132803.505000	43.530000
5.000000	39.248000	360475.485000
8132803.681000	43.537000	5.000000
39.265000	360475.308000	8132803.846000
43.561000	5.000000	39.265000
360475.765000	8132803.232000	44.006000
5.000000	39.284000	360475.421000
8132803.593000	44.131000	5.000000
39.278000	360475.440000	8132803.060000
44.266000	5.000000	39.326000
360475.455000	8132803.172000	44.267000
5.000000	39.314000	360475.266000
8132803.974000	44.269000	5.000000
39.257000	360475.405000	8132803.285000
44.275000	5.000000	39.308000
360475.366000	8132803.900000	44.338000
5.000000	39.255000	360475.650000
8132803.271000	44.372000	5.000000
39.290000	360475.661000	8132803.054000
44.447000	5.000000	39.310000
360475.809000	8132803.475000	44.451000
5.000000	39.257000	360475.497000
8132803.677000	44.471000	5.000000
39.264000	360475.785000	8132803.136000
44.673000	5.000000	39.292000
360475.521000	8132803.626000	44.693000
5.000000	39.267000	360475.838000
8132803.278000	44.694000	5.000000
39.274000	360475.521000	8132803.914000
44.713000	5.000000	39.240000
360475.843000	8132803.066000	44.824000
5.000000	39.295000	360475.514000
8132803.809000	45.044000	5.000000
39.250000	360475.490000	8132803.484000
45.116000	5.000000	39.283000
360475.824000	8132803.547000	45.226000
5.000000	39.249000	360475.640000
8132803.658000	45.259000	5.000000
39.253000	360475.638000	8132803.946000
45.271000	5.000000	39.226000
360475.831000	8132803.661000	45.523000
5.000000	39.237000	360475.842000
8132803.728000	45.551000	5.000000
39.229000	360475.797000	8132803.959000
45.641000	5.000000	39.210000
360475.859000	8132803.909000	45.827000
5.000000	39.210000	360475.969000
8132803.681000	45.947000	5.000000
39.223000	360475.890000	8132803.707000
46.196000	5.000000	39.227000
360476.324000	8132803.406000	42.589000
5.000000	39.222000	360476.181000
8132803.407000	42.590000	5.000000
39.233000	360476.580000	8132803.427000
42.592000	5.000000	39.198000
360476.328000	8132803.214000	44.133000
5.000000	39.242000	360476.323000
8132803.093000	44.536000	5.000000
39.256000	360476.104000	8132803.244000
44.635000	5.000000	39.257000
360476.345000	8132803.361000	44.660000
5.000000	39.225000	360476.120000
8132803.250000	44.663000	5.000000
39.255000	360476.142000	8132803.032000
44.734000	5.000000	39.276000
360476.618000	8132803.219000	44.850000
5.000000	39.219000	360476.577000
8132803.044000	44.868000	5.000000
39.242000	360476.625000	8132803.004000
44.937000	5.000000	39.243000
360476.904000	8132803.060000	45.010000
5.000000	39.215000	360476.597000
8132803.262000	45.077000	5.000000
39.216000	360476.705000	8132803.574000
45.428000	5.000000	39.171000
360476.752000	8132803.033000	45.480000
5.000000	39.230000	360476.117000
8132803.268000	45.572000	5.000000
39.253000	360476.102000	8132803.324000
45.616000	5.000000	39.248000
360476.355000	8132803.323000	45.716000
5.000000	39.228000	360476.967000
8132803.032000	45.724000	5.000000
39.214000	360476.137000	8132803.499000
45.729000	5.000000	39.227000
360476.917000	8132803.108000	45.745000
5.000000	39.208000	360476.334000
8132803.313000	45.746000	5.000000
39.231000	360476.866000	8132803.592000
45.857000	5.000000	39.156000
360476.003000	8132803.957000	45.862000
5.000000	39.192000	360476.936000
8132803.339000	45.910000	5.000000
39.180000	360476.848000	8132803.283000
45.968000	5.000000	39.193000
360476.596000	8132803.085000	45.974000
5.000000	39.236000	360476.524000
8132803.318000	46.049000	5.000000
39.215000	360476.606000	8132803.233000
46.057000	5.000000	39.218000
360476.628000	8132803.508000	46.075000
5.000000	39.185000	360476.153000
8132803.636000	46.162000	5.000000
39.212000	360476.371000	8132803.455000
46.163000	5.000000	39.213000
360476.166000	8132803.680000	46.179000
5.000000	39.206000	360476.461000
8132803.655000	46.198000	5.000000
39.183000	360476.156000	8132803.972000
46.242000	5.000000	39.176000
360476.173000	8132803.884000	46.250000
5.000000	39.184000	360476.391000
8132803.696000	46.280000	5.000000
39.185000	360476.436000	8132803.950000
46.283000	5.000000	39.153000
360476.715000	8132803.642000	46.332000
5.000000	39.163000	360476.647000
8132803.705000	46.415000	5.000000
39.161000	360476.964000	8132803.912000
46.416000	5.000000	39.109000
360476.681000	8132803.938000	46.427000
5.000000	39.132000	360476.943000
8132803.318000	46.539000	5.000000
39.182000	360476.952000	8132803.443000
46.565000	5.000000	39.166000
360476.894000	8132803.647000	46.608000
5.000000	39.147000	360476.974000
8132803.709000	46.644000	5.000000
39.132000	360477.198000	8132803.907000
41.065000	5.000000	39.083000
360477.469000	8132803.893000	42.925000
5.000000	39.054000	360477.238000
8132803.696000	43.207000	5.000000
39.105000	360477.942000	8132803.060000
44.345000	5.000000	39.109000
360477.557000	8132803.115000	44.609000
5.000000	39.142000	360477.850000
8132803.090000	44.632000	5.000000
39.115000	360477.219000	8132803.219000
44.786000	5.000000	39.165000
360477.445000	8132803.308000	44.856000
5.000000	39.130000	360477.237000
8132803.404000	45.108000	5.000000
39.141000	360477.680000	8132803.234000
45.245000	5.000000	39.114000
360477.634000	8132803.161000	45.307000
5.000000	39.128000	360477.006000
8132803.832000	45.408000	5.000000
39.115000	360477.462000	8132803.435000
45.427000	5.000000	39.112000
360477.233000	8132803.306000	45.433000
5.000000	39.153000	360477.504000
8132803.955000	45.577000	5.000000
39.042000	360477.719000	8132803.668000
45.680000	5.000000	39.054000
360477.753000	8132803.501000	45.711000
5.000000	39.072000	360477.696000
8132803.358000	45.791000	5.000000
39.096000	360477.252000	8132803.497000
45.801000	5.000000	39.128000
360477.480000	8132803.612000	45.820000
5.000000	39.088000	360477.697000
8132803.204000	45.947000	5.000000
39.116000	360477.895000	8132803.806000
46.131000	5.000000	39.016000
360477.896000	8132803.203000	46.173000
5.000000	39.095000	360477.691000
8132803.238000	46.186000	5.000000
39.112000	360477.659000	8132803.006000
46.207000	5.000000	39.146000
360477.735000	8132803.787000	46.286000
5.000000	39.037000	360477.493000
8132803.692000	46.439000	5.000000
39.076000	360477.772000	8132803.561000
46.521000	5.000000	39.062000
360477.514000	8132803.937000	46.600000
5.000000	39.043000	360477.264000
8132803.525000	46.666000	5.000000
39.123000	360477.175000	8132803.912000
46.672000	5.000000	39.086000
360477.285000	8132803.788000	46.697000
5.000000	39.088000	360477.159000
8132803.630000	46.701000	5.000000
39.122000	360477.730000	8132803.655000
46.717000	5.000000	39.054000
360477.750000	8132803.899000	46.811000
5.000000	39.020000	360477.934000
8132803.858000	46.870000	5.000000
39.004000	360477.616000	8132803.897000
46.997000	5.000000	39.036000
360477.509000	8132803.792000	47.074000
5.000000	39.062000	360477.312000
8132803.931000	47.088000	5.000000
39.067000	360477.303000	8132803.955000
47.118000	5.000000	39.065000
360478.349000	8132803.890000	45.573000
5.000000	38.952000	360478.817000
8132803.707000	45.660000	5.000000
38.924000	360478.030000	8132803.476000
45.716000	5.000000	39.044000
360478.770000	8132803.077000	45.935000
5.000000	39.020000	360478.816000
8132803.107000	46.012000	5.000000
39.010000	360478.811000	8132803.575000
46.088000	5.000000	38.944000
360478.534000	8132803.207000	46.293000
5.000000	39.026000	360478.392000
8132803.490000	46.330000	5.000000
39.002000	360478.339000	8132803.652000
46.348000	5.000000	38.986000
360478.554000	8132803.439000	46.416000
5.000000	38.991000	360478.292000
8132803.024000	46.521000	5.000000
39.077000	360478.629000	8132803.483000
46.524000	5.000000	38.977000
360478.004000	8132803.200000	46.534000
5.000000	39.084000	360478.055000
8132803.218000	46.562000	5.000000
39.076000	360478.027000	8132803.484000
46.579000	5.000000	39.043000
360478.013000	8132803.545000	46.600000
5.000000	39.037000	360478.573000
8132803.652000	46.618000	5.000000
38.959000	360478.328000	8132803.198000
46.628000	5.000000	39.049000
360478.594000	8132803.920000	46.630000
5.000000	38.919000	360478.314000
8132803.293000	46.631000	5.000000
39.038000	360478.595000	8132803.782000
46.649000	5.000000	38.939000
360478.824000	8132803.648000	46.735000
5.000000	38.932000	360478.046000
8132803.689000	46.807000	5.000000
39.014000	360478.354000	8132803.778000
46.823000	5.000000	38.967000
360478.808000	8132803.776000	46.824000
5.000000	38.915000	360478.066000
8132803.950000	46.845000	5.000000
38.977000	360478.226000	8132803.832000
46.879000	5.000000	38.974000
360478.846000	8132803.905000	46.888000
5.000000	38.892000	360479.518000
8132803.823000	42.737000	5.000000
38.838000	360479.813000	8132803.239000
42.856000	5.000000	38.898000
360479.588000	8132803.351000	43.251000
5.000000	38.902000	360479.806000
8132803.090000	43.340000	5.000000
38.921000	360479.581000	8132803.209000
43.715000	5.000000	38.924000
360479.817000	8132803.119000	44.149000
5.000000	38.916000	360479.838000
8132803.382000	44.192000	5.000000
38.874000	360479.637000	8132803.828000
44.394000	5.000000	38.826000
360479.878000	8132803.836000	44.587000
5.000000	38.802000	360479.854000
8132803.524000	44.616000	5.000000
38.851000	360479.589000	8132803.179000
44.731000	5.000000	38.927000
360479.138000	8132803.870000	45.324000
5.000000	38.866000	360479.603000
8132803.261000	45.363000	5.000000
38.914000	360479.890000	8132803.862000
45.477000	5.000000	38.797000
360479.646000	8132803.790000	45.502000
5.000000	38.831000	360479.545000
8132803.005000	45.532000	5.000000
38.957000	360479.620000	8132803.448000
45.623000	5.000000	38.884000
360479.395000	8132803.345000	45.635000
5.000000	38.920000	360479.416000
8132803.615000	45.635000	5.000000
38.878000	360479.477000	8132803.342000
45.676000	5.000000	38.913000
360479.476000	8132803.629000	45.686000
5.000000	38.871000	360479.371000
8132803.034000	45.749000	5.000000
38.968000	360479.142000	8132803.066000
45.853000	5.000000	38.984000
360479.088000	8132803.150000	45.896000
5.000000	38.977000	360479.436000
8132803.833000	45.912000	5.000000
38.844000	360479.904000	8132803.986000
45.941000	5.000000	38.777000
360479.663000	8132803.939000	45.999000
5.000000	38.807000	360479.150000
8132803.900000	46.218000	5.000000
38.861000	360479.209000	8132803.942000
46.515000	5.000000	38.849000
360479.451000	8132803.946000	46.518000
5.000000	38.826000	360480.455000
8132803.828000	42.408000	5.000000
38.750000	360480.609000	8132803.067000
42.560000	5.000000	38.853000
360480.630000	8132803.335000	42.587000
5.000000	38.809000	360480.652000
8132803.602000	42.601000	5.000000
38.766000	360480.107000	8132803.019000
42.880000	5.000000	38.905000
360480.424000	8132803.355000	43.047000
5.000000	38.825000	360480.402000
8132803.071000	43.067000	5.000000
38.871000	360480.468000	8132803.891000
43.186000	5.000000	38.739000
360480.441000	8132803.527000	43.381000
5.000000	38.797000	360480.457000
8132803.668000	43.904000	5.000000
38.774000	360480.154000	8132803.449000
44.171000	5.000000	38.835000
360480.200000	8132803.171000	44.289000
5.000000	38.873000	360480.207000
8132803.457000	44.295000	5.000000
38.829000	360480.451000	8132803.540000
44.319000	5.000000	38.794000
360480.130000	8132803.120000	44.346000
5.000000	38.887000	360480.461000
8132803.665000	44.356000	5.000000
38.774000	360480.475000	8132803.827000
44.363000	5.000000	38.748000
360480.414000	8132803.866000	44.377000
5.000000	38.748000	360480.199000
8132803.990000	44.384000	5.000000
38.749000	360480.135000	8132803.706000
44.508000	5.000000	38.798000
360480.174000	8132803.652000	44.510000
5.000000	38.803000	360474.965000
8132804.600000	43.496000	5.000000
39.233000	360474.960000	8132804.892000
43.567000	5.000000	39.208000
360475.107000	8132804.254000	43.129000
5.000000	39.248000	360475.062000
8132804.486000	43.145000	5.000000
39.232000	360475.121000	8132804.064000
43.226000	5.000000	39.263000
360475.321000	8132804.867000	43.231000
5.000000	39.172000	360475.040000
8132804.575000	43.257000	5.000000
39.227000	360475.276000	8132804.261000
43.310000	5.000000	39.231000
360475.607000	8132804.229000	43.398000
5.000000	39.202000	360475.311000
8132804.257000	43.418000	5.000000
39.228000	360475.587000	8132804.825000
43.434000	5.000000	39.147000
360475.333000	8132804.065000	43.495000
5.000000	39.243000	360475.825000
8132804.525000	43.532000	5.000000
39.152000	360475.058000	8132804.356000
43.581000	5.000000	39.244000
360475.551000	8132804.527000	43.585000
5.000000	39.179000	360475.296000
8132804.476000	43.607000	5.000000
39.210000	360475.080000	8132804.645000
43.615000	5.000000	39.217000
360475.513000	8132804.562000	43.656000
5.000000	39.180000	360475.518000
8132804.258000	43.679000	5.000000
39.208000	360475.224000	8132804.286000
43.695000	5.000000	39.234000
360475.101000	8132804.901000	43.704000
5.000000	39.192000	360475.316000
8132804.722000	43.713000	5.000000
39.185000	360475.196000	8132804.596000
43.719000	5.000000	39.209000
360475.337000	8132804.990000	43.734000
5.000000	39.159000	360475.194000
8132804.884000	43.742000	5.000000
39.184000	360475.457000	8132804.868000
43.848000	5.000000	39.157000
360475.695000	8132804.267000	44.015000
5.000000	39.190000	360475.567000
8132804.658000	44.030000	5.000000
39.165000	360475.405000	8132804.112000
44.202000	5.000000	39.232000
360475.327000	8132804.624000	44.245000
5.000000	39.193000	360475.868000
8132804.580000	44.311000	5.000000
39.142000	360475.560000	8132804.612000
44.371000	5.000000	39.170000
360475.878000	8132804.278000	44.375000
5.000000	39.171000	360475.563000
8132804.126000	44.570000	5.000000
39.216000	360475.539000	8132804.180000
44.740000	5.000000	39.213000
360475.893000	8132804.513000	44.759000
5.000000	39.146000	360475.580000
8132804.687000	44.864000	5.000000
39.161000	360475.973000	8132804.612000
44.870000	5.000000	39.128000
360475.691000	8132804.638000	44.872000
5.000000	39.154000	360475.395000
8132804.667000	44.894000	5.000000
39.182000	360475.982000	8132804.309000
44.905000	5.000000	39.158000
360475.346000	8132804.908000	44.916000
5.000000	39.165000	360475.396000
8132804.954000	44.920000	5.000000
39.156000	360475.914000	8132804.744000
44.997000	5.000000	39.121000
360475.705000	8132804.151000	45.065000
5.000000	39.200000	360475.602000
8132804.667000	45.151000	5.000000
39.161000	360475.610000	8132804.955000
45.187000	5.000000	39.132000
360475.599000	8132804.884000	45.219000
5.000000	39.140000	360475.864000
8132804.029000	45.430000	5.000000
39.197000	360475.931000	8132804.899000
45.464000	5.000000	39.103000
360475.741000	8132804.976000	45.620000
5.000000	39.116000	360475.767000
8132804.195000	45.730000	5.000000
39.190000	360475.881000	8132804.197000
45.804000	5.000000	39.179000
360476.055000	8132804.670000	41.950000
5.000000	39.113000	360476.448000
8132804.456000	43.369000	5.000000
39.096000	360476.283000	8132804.209000
43.956000	5.000000	39.139000
360476.059000	8132804.348000	45.520000
5.000000	39.146000	360476.025000
8132804.661000	45.573000	5.000000
39.117000	360476.017000	8132804.949000
45.604000	5.000000	39.089000
360476.002000	8132804.183000	45.848000
5.000000	39.169000	360476.183000
8132804.961000	45.962000	5.000000
39.069000	360476.827000	8132804.117000
45.972000	5.000000	39.098000
360476.186000	8132804.373000	45.998000
5.000000	39.131000	360476.199000
8132804.241000	46.075000	5.000000
39.144000	360476.124000	8132804.692000
46.108000	5.000000	39.104000
360476.185000	8132804.188000	46.135000
5.000000	39.151000	360477.001000
8132804.125000	46.178000	5.000000
39.080000	360476.673000	8132804.067000
46.189000	5.000000	39.118000
360476.964000	8132804.320000	46.239000
5.000000	39.061000	360476.414000
8132804.003000	46.265000	5.000000
39.149000	360476.437000	8132804.176000
46.275000	5.000000	39.128000
360476.219000	8132804.471000	46.292000
5.000000	39.117000	360476.373000
8132804.969000	46.298000	5.000000
39.048000	360476.240000	8132804.733000
46.325000	5.000000	39.087000
360476.436000	8132804.274000	46.343000
5.000000	39.117000	360476.369000
8132804.383000	46.355000	5.000000
39.112000	360476.691000	8132804.270000
46.427000	5.000000	39.093000
360476.610000	8132804.673000	46.438000
5.000000	39.055000	360476.456000
8132804.516000	46.450000	5.000000
39.089000	360476.628000	8132804.367000
46.454000	5.000000	39.088000
360476.302000	8132804.703000	46.471000
5.000000	39.084000	360476.479000
8132804.796000	46.479000	5.000000
39.055000	360476.997000	8132804.028000
46.496000	5.000000	39.092000
360476.713000	8132804.536000	46.517000
5.000000	39.060000	360476.574000
8132804.972000	46.569000	5.000000
39.026000	360476.823000	8132804.955000
46.651000	5.000000	39.000000
360476.732000	8132804.753000	46.719000
5.000000	39.034000	360476.772000
8132804.685000	46.799000	5.000000
39.037000	360477.497000	8132804.607000
40.571000	5.000000	38.960000
360477.487000	8132804.349000	41.423000
5.000000	38.994000	360477.478000
8132804.124000	42.166000	5.000000
39.024000	360477.521000	8132804.629000
42.479000	5.000000	38.954000
360477.576000	8132804.780000	45.236000
5.000000	38.928000	360477.005000
8132804.059000	45.413000	5.000000
39.088000	360477.009000	8132804.339000
45.477000	5.000000	39.054000
360477.497000	8132804.218000	45.519000
5.000000	39.009000	360477.305000
8132804.580000	46.049000	5.000000
38.988000	360477.759000	8132804.112000
46.116000	5.000000	38.992000
360477.838000	8132804.823000	46.122000
5.000000	38.889000	360477.042000
8132804.112000	46.159000	5.000000
39.077000	360477.022000	8132804.368000
46.345000	5.000000	39.049000
360477.471000	8132804.589000	46.367000
5.000000	38.966000	360477.485000
8132804.875000	46.384000	5.000000
38.928000	360477.205000	8132804.901000
46.390000	5.000000	38.961000
360477.736000	8132804.856000	46.436000
5.000000	38.898000	360477.355000
8132804.716000	46.453000	5.000000
38.965000	360477.063000	8132804.856000
46.582000	5.000000	38.985000
360477.943000	8132804.852000	46.637000
5.000000	38.872000	360477.093000
8132804.649000	46.707000	5.000000
39.006000	360477.039000	8132804.535000
46.726000	5.000000	39.027000
360477.951000	8132804.078000	46.805000
5.000000	38.973000	360477.771000
8132804.166000	46.839000	5.000000
38.983000	360477.891000	8132804.282000
46.841000	5.000000	38.954000
360477.816000	8132804.725000	46.884000
5.000000	38.905000	360477.014000
8132804.184000	46.947000	5.000000
39.072000	360477.083000	8132804.168000
46.950000	5.000000	39.065000
360477.026000	8132804.371000	46.986000
5.000000	39.048000	360477.278000
8132804.354000	47.062000	5.000000
39.019000	360477.789000	8132804.356000
47.097000	5.000000	38.956000
360477.309000	8132804.159000	47.099000
5.000000	39.039000	360477.513000
8132804.641000	47.106000	5.000000
38.954000	360477.325000	8132804.237000
47.121000	5.000000	39.028000
360477.510000	8132804.929000	47.134000
5.000000	38.918000	360477.812000
8132804.647000	47.135000	5.000000
38.915000	360477.568000	8132804.139000
47.143000	5.000000	39.011000
360477.521000	8132804.339000	47.148000
5.000000	38.991000	360477.346000
8132804.494000	47.177000	5.000000
38.993000	360477.529000	8132804.043000
47.181000	5.000000	39.028000
360477.595000	8132804.874000	47.222000
5.000000	38.914000	360477.551000
8132804.307000	47.227000	5.000000
38.992000	360477.750000	8132804.629000
47.228000	5.000000	38.926000
360477.766000	8132804.323000	47.229000
5.000000	38.963000	360477.571000
8132804.557000	47.273000	5.000000
38.957000	360478.816000	8132804.144000
42.452000	5.000000	38.861000
360478.244000	8132804.691000	44.864000
5.000000	38.855000	360478.742000
8132804.912000	45.115000	5.000000
38.760000	360478.726000	8132804.080000
45.179000	5.000000	38.881000
360478.642000	8132804.696000	45.406000
5.000000	38.804000	360478.638000
8132804.946000	45.434000	5.000000
38.769000	360478.613000	8132804.117000
45.530000	5.000000	38.889000
360478.416000	8132804.749000	45.556000
5.000000	38.825000	360478.668000
8132804.468000	46.198000	5.000000
38.833000	360478.646000	8132804.646000
46.230000	5.000000	38.810000
360478.932000	8132804.984000	46.292000
5.000000	38.725000	360478.920000
8132804.914000	46.437000	5.000000
38.737000	360478.588000	8132804.783000
46.494000	5.000000	38.798000
360478.664000	8132804.832000	46.496000
5.000000	38.782000	360478.856000
8132804.759000	46.496000	5.000000
38.768000	360478.577000	8132804.199000
46.565000	5.000000	38.882000
360478.247000	8132804.824000	46.623000
5.000000	38.836000	360478.138000
8132804.893000	46.623000	5.000000
38.841000	360478.597000	8132804.007000
46.631000	5.000000	38.907000
360478.090000	8132804.276000	46.675000
5.000000	38.930000	360478.224000
8132804.243000	46.730000	5.000000
38.918000	360478.616000	8132804.192000
46.741000	5.000000	38.878000
360478.792000	8132804.193000	46.742000
5.000000	38.857000	360478.400000
8132804.375000	46.765000	5.000000
38.879000	360478.112000	8132804.545000
46.780000	5.000000	38.891000
360478.423000	8132804.656000	46.811000
5.000000	38.837000	360478.870000
8132804.218000	46.853000	5.000000
38.844000	360478.227000	8132804.058000
46.866000	5.000000	38.943000
360478.158000	8132804.565000	46.868000
5.000000	38.883000	360478.375000
8132804.030000	46.901000	5.000000
38.930000	360478.777000	8132804.012000
46.924000	5.000000	38.885000
360478.432000	8132804.833000	46.972000
5.000000	38.811000	360479.900000
8132804.086000	44.756000	5.000000
38.763000	360479.921000	8132804.340000
44.804000	5.000000	38.722000
360479.678000	8132804.267000	44.943000
5.000000	38.756000	360479.932000
8132804.545000	44.963000	5.000000
38.690000	360479.942000	8132804.578000
45.020000	5.000000	38.684000
360479.963000	8132804.852000	45.036000
5.000000	38.641000	360479.698000
8132804.500000	45.077000	5.000000
38.720000	360479.719000	8132804.763000
45.181000	5.000000	38.678000
360479.914000	8132804.200000	45.254000
5.000000	38.744000	360479.807000
8132804.834000	45.353000	5.000000
38.659000	360479.511000	8132804.847000
45.444000	5.000000	38.686000
360479.738000	8132804.956000	45.450000
5.000000	38.647000	360479.157000
8132804.054000	45.718000	5.000000
38.837000	360479.102000	8132804.392000
45.719000	5.000000	38.793000
360479.709000	8132804.530000	45.927000
5.000000	38.714000	360479.605000
8132804.650000	45.960000	5.000000
38.706000	360479.730000	8132804.789000
45.985000	5.000000	38.673000
360479.684000	8132804.198000	46.048000
5.000000	38.766000	360479.524000
8132804.917000	46.118000	5.000000
38.674000	360479.509000	8132804.394000
46.229000	5.000000	38.754000
360479.239000	8132804.704000	46.230000
5.000000	38.734000	360479.500000
8132804.595000	46.251000	5.000000
38.725000	360479.512000	8132804.928000
46.254000	5.000000	38.674000
360479.218000	8132804.749000	46.271000
5.000000	38.729000	360479.233000
8132804.956000	46.281000	5.000000
38.697000	360479.473000	8132804.224000
46.505000	5.000000	38.782000
360479.414000	8132804.124000	46.580000
5.000000	38.803000	360479.169000
8132804.080000	46.605000	5.000000
38.833000	360480.733000	8132804.507000
43.500000	5.000000	38.619000
360480.709000	8132804.208000	43.504000
5.000000	38.667000	360480.232000
8132804.503000	43.604000	5.000000
38.668000	360480.528000	8132804.575000
43.809000	5.000000	38.628000
360480.535000	8132804.126000	43.918000
5.000000	38.696000	360480.251000
8132804.697000	43.951000	5.000000
38.636000	360480.501000	8132804.205000
44.034000	5.000000	38.687000
360480.222000	8132804.298000	44.263000
5.000000	38.700000	360480.246000
8132804.978000	44.791000	5.000000
38.594000	360480.282000	8132804.982000
44.826000	5.000000	38.590000
360480.185000	8132804.776000	45.048000
5.000000	38.631000	360480.257000
8132804.627000	45.079000	5.000000
38.646000	360480.167000	8132804.534000
45.102000	5.000000	38.669000
360480.234000	8132804.328000	45.133000
5.000000	38.694000	360474.994000
8132805.127000	43.446000	5.000000
39.192000	360474.935000	8132805.368000
43.572000	5.000000	39.190000
360475.408000	8132805.063000	43.088000
5.000000	39.149000	360475.090000
8132805.931000	43.141000	5.000000
39.158000	360475.172000	8132805.901000
43.197000	5.000000	39.151000
360475.843000	8132805.595000	43.400000
5.000000	39.091000	360475.239000
8132805.118000	43.624000	5.000000
39.166000	360475.487000	8132805.646000
43.650000	5.000000	39.126000
360475.123000	8132805.180000	43.688000
5.000000	39.176000	360475.164000
8132805.681000	43.722000	5.000000
39.158000	360475.173000	8132805.359000
43.735000	5.000000	39.166000
360475.143000	8132805.438000	43.750000
5.000000	39.167000	360475.485000
8132805.942000	43.765000	5.000000
39.119000	360475.182000	8132805.972000
43.798000	5.000000	39.148000
360475.165000	8132805.717000	43.804000
5.000000	39.157000	360475.404000
8132805.831000	43.843000	5.000000
39.130000	360475.357000	8132805.207000
43.927000	5.000000	39.151000
360475.379000	8132805.499000	43.956000
5.000000	39.141000	360475.657000
8132805.337000	44.021000	5.000000
39.116000	360475.359000	8132805.368000
44.071000	5.000000	39.146000
360475.367000	8132805.147000	44.165000
5.000000	39.151000	360475.597000
8132805.676000	44.174000	5.000000
39.114000	360475.614000	8132805.964000
44.222000	5.000000	39.106000
360475.617000	8132805.129000	44.226000
5.000000	39.124000	360475.873000
8132805.949000	44.338000	5.000000
39.081000	360475.375000	8132805.374000
44.368000	5.000000	39.144000
360475.523000	8132805.381000	44.445000
5.000000	39.129000	360475.783000
8132805.684000	44.503000	5.000000
39.095000	360475.486000	8132805.712000
44.524000	5.000000	39.125000
360475.937000	8132805.050000	44.967000
5.000000	39.091000	360475.621000
8132805.419000	45.073000	5.000000
39.118000	360475.348000	8132805.218000
45.073000	5.000000	39.151000
360475.624000	8132805.220000	45.085000
5.000000	39.122000	360475.620000
8132805.199000	45.149000	5.000000
39.123000	360475.827000	8132805.735000
45.237000	5.000000	39.090000
360475.777000	8132805.213000	45.522000
5.000000	39.105000	360475.639000
8132805.342000	45.575000	5.000000
39.117000	360475.950000	8132805.113000
45.643000	5.000000	39.089000
360475.709000	8132805.455000	45.650000
5.000000	39.108000	360475.966000
8132805.754000	45.666000	5.000000
39.076000	360475.660000	8132805.599000
45.693000	5.000000	39.110000
360475.989000	8132805.209000	45.733000
5.000000	39.083000	360475.906000
8132805.454000	45.881000	5.000000
39.087000	360475.992000	8132805.617000
45.893000	5.000000	39.075000
360475.970000	8132805.332000	45.895000
5.000000	39.083000	360476.292000
8132805.583000	43.778000	5.000000
39.045000	360476.114000	8132805.641000
44.336000	5.000000	39.063000
360476.136000	8132805.929000	44.388000
5.000000	39.056000	360476.617000
8132805.607000	44.497000	5.000000
39.012000	360476.306000	8132805.864000
44.510000	5.000000	39.040000
360476.605000	8132805.292000	44.564000
5.000000	39.016000	360476.595000
8132805.909000	44.667000	5.000000
39.011000	360476.237000	8132805.960000
44.924000	5.000000	39.045000
360476.321000	8132805.986000	45.024000
5.000000	39.037000	360476.769000
8132805.921000	45.044000	5.000000
38.994000	360476.296000	8132805.603000
45.364000	5.000000	39.045000
360476.630000	8132805.354000	45.417000
5.000000	39.013000	360476.648000
8132805.960000	45.420000	5.000000
39.005000	360476.320000	8132805.704000
45.422000	5.000000	39.041000
360476.942000	8132805.935000	45.435000
5.000000	38.977000	360476.321000
8132805.384000	45.451000	5.000000
39.045000	360476.316000	8132805.842000
45.495000	5.000000	39.039000
360476.554000	8132805.914000	45.545000
5.000000	39.015000	360476.560000
8132805.694000	45.584000	5.000000
39.017000	360476.269000	8132805.181000
45.696000	5.000000	39.053000
360476.270000	8132805.213000	45.708000
5.000000	39.053000	360476.793000
8132805.687000	45.770000	5.000000
38.993000	360476.211000	8132805.420000
45.795000	5.000000	39.056000
360476.499000	8132805.397000	45.828000
5.000000	39.026000	360476.158000
8132805.757000	45.929000	5.000000
39.056000	360476.784000	8132805.542000
45.932000	5.000000	38.995000
360476.778000	8132805.988000	45.943000
5.000000	38.993000	360476.992000
8132805.688000	46.022000	5.000000
38.973000	360476.995000	8132805.981000
46.117000	5.000000	38.971000
360476.673000	8132805.408000	46.193000
5.000000	39.008000	360476.918000
8132805.392000	46.267000	5.000000
38.982000	360476.263000	8132805.033000
46.299000	5.000000	39.056000
360476.365000	8132805.219000	46.312000
5.000000	39.043000	360476.284000
8132805.293000	46.375000	5.000000
39.050000	360476.778000	8132805.379000
46.462000	5.000000	38.997000
360476.500000	8132805.062000	46.539000
5.000000	39.030000	360476.520000
8132805.311000	46.637000	5.000000
39.025000	360476.836000	8132805.201000
46.642000	5.000000	38.992000
360476.553000	8132805.228000	46.659000
5.000000	39.022000	360476.755000
8132805.049000	46.665000	5.000000
39.002000	360477.138000	8132805.117000
42.895000	5.000000	38.957000
360477.913000	8132805.881000	45.895000
5.000000	38.869000	360477.654000
8132805.797000	46.108000	5.000000
38.898000	360477.609000	8132805.212000
46.128000	5.000000	38.898000
360477.136000	8132805.863000	46.146000
5.000000	38.956000	360477.631000
8132805.493000	46.197000	5.000000
38.897000	360477.791000	8132805.307000
46.199000	5.000000	38.876000
360477.379000	8132805.052000	46.238000
5.000000	38.926000	360477.868000
8132805.492000	46.243000	5.000000
38.869000	360477.198000	8132805.690000
46.298000	5.000000	38.949000
360477.220000	8132805.976000	46.323000
5.000000	38.947000	360477.727000
8132805.646000	46.356000	5.000000
38.888000	360478.001000	8132805.622000
46.360000	5.000000	38.855000
360477.890000	8132805.752000	46.370000
5.000000	38.870000	360477.464000
8132805.962000	46.427000	5.000000
38.920000	360477.982000	8132805.309000
46.449000	5.000000	38.852000
360477.460000	8132805.130000	46.452000
5.000000	38.916000	360477.399000
8132805.285000	46.455000	5.000000
38.925000	360477.736000	8132805.105000
46.458000	5.000000	38.881000
360477.181000	8132805.156000	46.468000
5.000000	38.952000	360477.108000
8132805.458000	46.470000	5.000000
38.960000	360477.145000	8132805.388000
46.492000	5.000000	38.956000
360477.084000	8132805.142000	46.516000
5.000000	38.964000	360477.648000
8132805.652000	46.577000	5.000000
38.897000	360477.843000	8132805.117000
46.589000	5.000000	38.867000
360477.958000	8132805.098000	46.631000
5.000000	38.852000	360477.442000
8132805.801000	46.649000	5.000000
38.922000	360477.361000	8132805.383000
46.685000	5.000000	38.930000
360477.333000	8132805.709000	46.710000
5.000000	38.934000	360477.419000
8132805.494000	46.763000	5.000000
38.923000	360478.430000	8132805.067000
44.527000	5.000000	38.790000
360478.463000	8132805.473000	44.941000
5.000000	38.797000	360478.446000
8132805.201000	45.052000	5.000000
38.792000	360478.465000	8132805.404000
45.272000	5.000000	38.795000
360478.269000	8132805.536000	45.537000
5.000000	38.822000	360478.170000
8132805.424000	45.777000	5.000000
38.831000	360478.192000	8132805.682000
45.918000	5.000000	38.834000
360478.143000	8132805.256000	45.951000
5.000000	38.831000	360478.455000
8132805.176000	46.007000	5.000000
38.790000	360478.098000	8132805.885000
46.168000	5.000000	38.849000
360478.960000	8132805.808000	46.193000
5.000000	38.749000	360478.357000
8132805.256000	46.196000	5.000000
38.804000	360478.209000	8132805.850000
46.282000	5.000000	38.836000
360478.944000	8132805.243000	46.288000
5.000000	38.730000	360478.898000
8132805.214000	46.301000	5.000000
38.735000	360478.690000	8132805.195000
46.302000	5.000000	38.761000
360478.624000	8132805.240000	46.309000
5.000000	38.770000	360478.474000
8132805.383000	46.310000	5.000000
38.793000	360478.712000	8132805.465000
46.345000	5.000000	38.767000
360478.299000	8132805.595000	46.357000
5.000000	38.819000	360478.628000
8132805.017000	46.359000	5.000000
38.763000	360478.331000	8132805.878000
46.361000	5.000000	38.822000
360478.733000	8132805.718000	46.404000
5.000000	38.772000	360478.850000
8132805.548000	46.405000	5.000000
38.753000	360478.565000	8132805.577000
46.444000	5.000000	38.788000
360478.964000	8132805.469000	46.451000
5.000000	38.736000	360478.516000
8132805.885000	46.481000	5.000000
38.802000	360478.985000	8132805.729000
46.483000	5.000000	38.744000
360478.296000	8132805.056000	46.485000
5.000000	38.807000	360478.161000
8132805.204000	46.487000	5.000000
38.828000	360478.494000	8132805.607000
46.499000	5.000000	38.797000
360478.753000	8132805.959000	46.518000
5.000000	38.778000	360478.567000
8132805.870000	46.537000	5.000000
38.796000	360479.987000	8132805.161000
44.935000	5.000000	38.624000
360479.891000	8132805.878000	45.160000
5.000000	38.668000	360479.809000
8132805.888000	45.205000	5.000000
38.676000	360479.837000	8132805.658000
45.252000	5.000000	38.662000
360479.982000	8132805.056000	45.268000
5.000000	38.619000	360479.276000
8132805.613000	45.304000	5.000000
38.712000	360479.414000	8132805.436000
45.594000	5.000000	38.692000
360479.757000	8132805.184000	45.626000
5.000000	38.648000	360479.292000
8132805.765000	45.681000	5.000000
38.717000	360479.574000	8132805.602000
45.715000	5.000000	38.684000
360479.398000	8132805.736000	45.753000
5.000000	38.706000	360479.596000
8132805.880000	45.754000	5.000000
38.694000	360479.777000	8132805.417000
45.767000	5.000000	38.656000
360479.408000	8132805.968000	45.777000
5.000000	38.715000	360479.550000
8132805.280000	45.854000	5.000000
38.672000	360479.611000	8132805.117000
45.865000	5.000000	38.659000
360479.594000	8132805.442000	45.892000
5.000000	38.675000	360479.263000
8132805.332000	46.202000	5.000000
38.702000	360479.222000	8132805.178000
46.208000	5.000000	38.699000
360479.241000	8132805.042000	46.247000
5.000000	38.692000	360479.283000
8132805.567000	46.311000	5.000000
38.709000	360479.151000	8132805.520000
46.392000	5.000000	38.720000
360479.176000	8132805.806000	46.429000
5.000000	38.729000	360479.303000
8132805.794000	46.535000	5.000000
38.717000	360480.319000	8132805.577000
43.806000	5.000000	38.614000
360480.268000	8132805.521000	43.944000
5.000000	38.615000	360480.040000
8132805.905000	44.391000	5.000000
38.656000	360480.016000	8132805.593000
44.441000	5.000000	38.643000
360480.306000	8132805.297000	44.697000
5.000000	38.600000	360480.236000
8132805.299000	44.765000	5.000000
38.607000	360480.004000	8132805.325000
45.294000	5.000000	38.631000
360475.713000	8132806.311000	43.063000
5.000000	39.089000	360475.964000
8132806.292000	43.121000	5.000000
39.066000	360475.109000	8132806.161000
43.137000	5.000000	39.150000
360475.969000	8132806.086000	43.175000
5.000000	39.069000	360475.372000
8132806.352000	43.201000	5.000000
39.120000	360475.244000	8132806.186000
43.633000	5.000000	39.136000
360475.189000	8132806.027000	43.780000
5.000000	39.146000	360475.478000
8132806.180000	43.839000	5.000000
39.114000	360475.425000	8132806.108000
43.843000	5.000000	39.121000
360475.697000	8132806.175000	44.028000
5.000000	39.094000	360475.678000
8132806.083000	44.108000	5.000000
39.097000	360475.881000	8132806.389000
44.304000	5.000000	39.072000
360475.898000	8132806.178000	44.319000
5.000000	39.074000	360476.809000
8132806.547000	43.124000	5.000000
38.985000	360476.186000	8132806.621000
43.361000	5.000000	39.040000
360476.448000	8132806.270000	43.417000
5.000000	39.021000	360476.149000
8132806.301000	43.465000	5.000000
39.049000	360476.413000	8132806.611000
43.501000	5.000000	39.020000
360476.576000	8132806.484000	43.691000
5.000000	39.007000	360476.182000
8132806.149000	44.273000	5.000000
39.048000	360476.591000	8132806.573000
44.378000	5.000000	39.005000
360476.031000	8132806.357000	44.388000
5.000000	39.059000	360476.698000
8132806.979000	44.453000	5.000000
38.992000	360476.824000	8132806.269000
44.557000	5.000000	38.986000
360476.931000	8132806.105000	44.599000
5.000000	38.977000	360476.313000
8132806.707000	44.665000	5.000000
39.028000	360476.564000	8132806.173000
44.703000	5.000000	39.011000
360476.035000	8132806.405000	44.707000
5.000000	39.058000	360476.368000
8132806.635000	44.760000	5.000000
39.024000	360476.047000	8132806.499000
44.789000	5.000000	39.055000
360476.278000	8132806.390000	44.806000
5.000000	39.035000	360476.521000
8132806.706000	44.902000	5.000000
39.010000	360476.343000	8132806.269000
44.985000	5.000000	39.031000
360476.498000	8132806.177000	45.031000
5.000000	39.018000	360476.212000
8132806.205000	45.054000	5.000000
39.044000	360476.455000	8132806.395000
45.085000	5.000000	39.019000
360476.606000	8132806.655000	45.097000
5.000000	39.003000	360476.583000
8132806.351000	45.097000	5.000000
39.008000	360476.745000	8132806.702000
45.112000	5.000000	38.990000
360476.743000	8132806.166000	45.181000
5.000000	38.994000	360476.860000
8132806.625000	45.272000	5.000000
38.980000	360476.692000	8132806.388000
45.276000	5.000000	38.997000
360476.982000	8132806.364000	45.309000
5.000000	38.971000	360476.838000
8132806.325000	45.343000	5.000000
38.984000	360476.815000	8132806.023000
45.354000	5.000000	38.989000
360476.949000	8132806.703000	45.381000
5.000000	38.972000	360476.881000
8132806.865000	45.450000	5.000000
38.977000	360476.877000	8132806.190000
45.668000	5.000000	38.982000
360476.829000	8132806.095000	46.089000
5.000000	38.987000	360477.025000
8132806.874000	43.442000	5.000000
38.964000	360477.131000	8132806.908000
44.026000	5.000000	38.955000
360477.414000	8132806.887000	44.088000
5.000000	38.929000	360477.024000
8132806.942000	44.357000	5.000000
38.964000	360477.937000	8132806.639000
44.427000	5.000000	38.878000
360477.178000	8132806.300000	44.702000
5.000000	38.951000	360477.954000
8132806.245000	44.906000	5.000000
38.870000	360477.713000	8132806.724000
44.947000	5.000000	38.901000
360477.666000	8132806.606000	44.958000
5.000000	38.904000	360477.952000
8132806.746000	44.977000	5.000000
38.879000	360477.677000	8132806.933000
45.029000	5.000000	38.906000
360477.506000	8132806.856000	45.094000
5.000000	38.921000	360477.070000
8132806.997000	45.147000	5.000000
38.960000	360477.484000	8132806.559000
45.154000	5.000000	38.921000
360477.308000	8132806.984000	45.259000
5.000000	38.939000	360477.969000
8132806.914000	45.324000	5.000000
38.880000	360477.212000	8132806.958000
45.328000	5.000000	38.947000
360477.902000	8132806.051000	45.407000
5.000000	38.873000	360477.217000
8132806.681000	45.411000	5.000000
38.947000	360477.189000	8132806.655000
45.418000	5.000000	38.950000
360477.478000	8132806.423000	45.592000
5.000000	38.921000	360477.944000
8132806.553000	45.595000	5.000000
38.876000	360477.499000	8132806.688000
45.634000	5.000000	38.920000
360477.441000	8132806.678000	45.649000
5.000000	38.926000	360477.708000
8132806.120000	45.732000	5.000000
38.895000	360477.725000	8132806.765000
45.732000	5.000000	38.900000
360477.679000	8132806.666000	45.770000
5.000000	38.903000	360477.396000
8132806.361000	45.777000	5.000000
38.929000	360477.681000	8132806.182000
45.808000	5.000000	38.898000
360477.092000	8132806.393000	45.824000
5.000000	38.960000	360477.184000
8132806.523000	45.842000	5.000000
38.950000	360477.701000	8132806.433000
45.881000	5.000000	38.899000
360477.904000	8132806.327000	45.929000
5.000000	38.877000	360477.615000
8132806.354000	45.946000	5.000000
38.907000	360477.939000	8132806.428000
45.995000	5.000000	38.875000
360477.917000	8132806.143000	46.021000
5.000000	38.873000	360477.881000
8132806.126000	46.027000	5.000000
38.876000	360477.320000	8132806.181000
46.083000	5.000000	38.936000
360477.593000	8132806.157000	46.086000
5.000000	38.907000	360477.004000
8132806.214000	46.139000	5.000000
38.969000	360477.156000	8132806.115000
46.207000	5.000000	38.954000
360477.675000	8132806.037000	46.277000
5.000000	38.897000	360478.931000
8132806.723000	43.743000	5.000000
38.787000	360478.497000	8132806.798000
44.220000	5.000000	38.829000
360478.058000	8132806.007000	44.657000
5.000000	38.855000	360478.578000
8132806.502000	44.678000	5.000000
38.813000	360478.018000	8132806.887000
44.831000	5.000000	38.875000
360478.824000	8132806.493000	44.861000
5.000000	38.789000	360478.969000
8132806.515000	45.325000	5.000000
38.775000	360478.221000	8132806.128000
45.390000	5.000000	38.840000
360478.071000	8132806.934000	45.523000
5.000000	38.871000	360478.026000
8132806.616000	45.529000	5.000000
38.869000	360478.862000	8132806.217000
45.632000	5.000000	38.775000
360478.567000	8132806.597000	46.031000
5.000000	38.817000	360478.437000
8132806.617000	46.038000	5.000000
38.830000	360478.129000	8132806.646000
46.049000	5.000000	38.860000
360478.278000	8132806.765000	46.060000
5.000000	38.849000	360478.143000
8132806.106000	46.083000	5.000000
38.848000	360478.125000	8132806.319000
46.097000	5.000000	38.854000
360478.233000	8132806.180000	46.106000
5.000000	38.840000	360478.541000
8132806.258000	46.167000	5.000000
38.810000	360478.253000	8132806.426000
46.197000	5.000000	38.843000
360478.365000	8132806.308000	46.241000
5.000000	38.829000	360478.951000
8132806.046000	46.253000	5.000000
38.759000	360478.373000	8132806.101000
46.293000	5.000000	38.823000
360478.538000	8132806.175000	46.430000
5.000000	38.808000	360478.597000
8132806.097000	46.505000	5.000000
38.799000	360479.043000	8132806.754000
44.300000	5.000000	38.778000
360479.241000	8132806.758000	44.594000
5.000000	38.762000	360479.817000
8132806.067000	44.636000	5.000000
38.683000	360479.157000	8132806.455000
44.753000	5.000000	38.757000
360479.327000	8132806.333000	44.819000
5.000000	38.737000	360479.024000
8132806.382000	45.343000	5.000000
38.765000	360479.133000	8132806.523000
45.635000	5.000000	38.761000
360479.692000	8132806.146000	45.689000
5.000000	38.698000	360479.314000
8132806.049000	45.723000	5.000000
38.727000	360479.113000	8132806.201000
45.726000	5.000000	38.750000
360479.621000	8132806.191000	45.726000
5.000000	38.706000	360479.407000
8132806.176000	45.741000	5.000000
38.724000	360479.338000	8132806.347000
45.744000	5.000000	38.737000
360479.011000	8132806.101000	46.237000
5.000000	38.755000	360480.062000
8132806.153000	44.566000	5.000000
38.666000	360477.153000	8132807.118000
43.144000	5.000000	38.954000
360477.387000	8132807.111000	43.338000
5.000000	38.933000	360477.586000
8132807.363000	43.588000	5.000000
38.917000	360477.818000	8132807.692000
43.750000	5.000000	38.899000
360477.805000	8132807.108000	43.811000
5.000000	38.896000	360477.771000
8132807.616000	43.909000	5.000000
38.903000	360477.495000	8132807.144000
43.917000	5.000000	38.924000
360477.752000	8132807.374000	43.937000
5.000000	38.903000	360477.586000
8132807.178000	44.482000	5.000000
38.916000	360477.795000	8132807.180000
44.765000	5.000000	38.898000
360477.760000	8132807.348000	44.766000
5.000000	38.902000	360477.975000
8132807.049000	44.891000	5.000000
38.881000	360477.735000	8132807.003000
44.970000	5.000000	38.902000
360478.028000	8132807.354000	43.998000
5.000000	38.878000	360478.576000
8132807.057000	44.060000	5.000000
38.828000	360478.109000	8132807.143000
44.646000	5.000000	38.870000
360477.001000	8132801.872000	44.381000
5.000000	39.411000	360477.254000
8132801.952000	44.394000	5.000000
39.358000	360475.645000	8132802.513000
44.306000	5.000000	39.447000
360475.470000	8132802.849000	44.435000
5.000000	39.372000	360475.844000
8132802.288000	44.456000	5.000000
39.483000	360476.397000	8132802.166000
44.464000	5.000000	39.440000
360476.777000	8132802.605000	45.134000
5.000000	39.307000	360476.712000
8132802.344000	45.292000	5.000000
39.364000	360477.161000	8132802.632000
45.077000	5.000000	39.259000
360476.929000	8132802.391000	45.309000
5.000000	39.329000	360477.446000
8132802.880000	45.357000	5.000000
39.187000	360477.117000	8132802.479000
45.360000	5.000000	39.291000
360477.825000	8132802.026000	45.472000
5.000000	39.258000	360477.386000
8132802.642000	45.509000	5.000000
39.230000	360477.723000	8132802.318000
45.532000	5.000000	39.233000
360477.450000	8132802.978000	46.053000
5.000000	39.171000	360477.804000
8132802.740000	46.215000	5.000000
39.166000	360477.644000	8132802.788000
46.302000	5.000000	39.178000
360478.090000	8132802.849000	42.896000
5.000000	39.119000	360477.915000
8132802.836000	42.978000	5.000000
39.141000	360478.490000	8132802.366000
45.307000	5.000000	39.122000
360477.906000	8132802.361000	45.432000
5.000000	39.202000	360478.725000
8132802.474000	45.455000	5.000000
39.081000	360479.696000	8132802.504000
42.968000	5.000000	38.981000
360479.640000	8132802.288000	43.164000
5.000000	39.002000	360479.721000
8132802.713000	43.863000	5.000000
38.963000	360479.537000	8132802.749000
43.997000	5.000000	38.977000
360480.274000	8132802.985000	42.961000
5.000000	38.894000	360475.045000
8132803.970000	43.597000	5.000000
39.278000	360475.332000	8132803.016000
44.268000	5.000000	39.338000
360475.316000	8132803.945000	44.679000
5.000000	39.256000	360475.517000
8132803.910000	45.151000	5.000000
39.240000	360475.452000	8132803.647000
45.283000	5.000000	39.271000
360475.588000	8132803.473000	45.437000
5.000000	39.276000	360475.692000
8132803.936000	45.628000	5.000000
39.222000	360475.999000	8132803.883000
43.170000	5.000000	39.200000
360476.699000	8132803.582000	45.615000
5.000000	39.171000	360475.903000
8132803.787000	45.804000	5.000000
39.218000	360476.593000	8132803.192000
46.117000	5.000000	39.224000
360475.867000	8132803.681000	46.182000
5.000000	39.232000	360476.130000
8132803.715000	46.205000	5.000000
39.205000	360476.398000	8132803.487000
46.207000	5.000000	39.207000
360476.769000	8132803.950000	46.209000
5.000000	39.122000	360476.490000
8132803.884000	46.260000	5.000000
39.155000	360476.320000	8132803.828000
46.338000	5.000000	39.177000
360476.721000	8132803.777000	46.487000
5.000000	39.147000	360477.846000
8132803.275000	43.160000	5.000000
39.091000	360476.943000	8132803.238000
44.528000	5.000000	39.191000
360477.015000	8132803.612000	45.134000
5.000000	39.140000	360477.290000
8132803.959000	45.647000	5.000000
39.066000	360477.077000	8132803.941000
45.668000	5.000000	39.093000
360477.717000	8132803.090000	46.254000
5.000000	39.129000	360476.954000
8132803.531000	46.627000	5.000000
39.155000	360477.181000	8132803.628000
46.759000	5.000000	39.120000
360477.625000	8132803.815000	46.871000
5.000000	39.046000	360477.216000
8132803.812000	47.056000	5.000000
39.093000	360477.406000	8132803.913000
47.148000	5.000000	39.059000
360477.988000	8132803.139000	42.941000
5.000000	39.094000	360477.973000
8132803.139000	43.473000	5.000000
39.095000	360478.205000	8132803.450000
43.878000	5.000000	39.028000
360478.105000	8132803.904000	45.271000
5.000000	38.978000	360478.139000
8132803.337000	45.323000	5.000000
39.051000	360478.230000	8132803.733000
45.421000	5.000000	38.987000
360478.178000	8132803.543000	45.658000
5.000000	39.019000	360478.277000
8132803.977000	45.818000	5.000000
38.948000	360478.692000	8132803.339000
46.310000	5.000000	38.990000
360478.403000	8132803.425000	46.478000
5.000000	39.010000	360478.323000
8132803.088000	46.505000	5.000000
39.065000	360477.927000	8132803.297000
46.524000	5.000000	39.079000
360478.043000	8132803.077000	46.593000
5.000000	39.096000	360478.121000
8132803.411000	46.603000	5.000000
39.043000	360478.508000	8132803.891000
46.657000	5.000000	38.933000
360478.739000	8132803.585000	46.711000
5.000000	38.950000	360477.873000
8132803.822000	46.844000	5.000000
39.016000	360478.043000	8132803.829000
46.850000	5.000000	38.996000
360478.243000	8132803.963000	46.919000
5.000000	38.954000	360479.632000
8132803.164000	44.083000	5.000000
38.926000	360479.833000	8132803.220000
44.146000	5.000000	38.899000
360479.759000	8132803.746000	44.491000
5.000000	38.827000	360479.698000
8132803.505000	44.644000	5.000000
38.869000	360479.527000	8132803.941000
44.812000	5.000000	38.819000
360479.632000	8132803.246000	44.812000
5.000000	38.913000	360479.677000
8132803.484000	45.202000	5.000000
38.874000	360479.787000	8132803.971000
45.409000	5.000000	38.791000
360479.641000	8132803.374000	45.604000
5.000000	38.893000	360479.374000
8132803.385000	45.606000	5.000000
38.916000	360479.303000	8132803.100000
45.737000	5.000000	38.965000
360479.118000	8132803.411000	45.797000
5.000000	38.936000	360479.048000
8132803.118000	45.849000	5.000000
38.985000	360479.767000	8132803.951000
45.968000	5.000000	38.795000
360478.949000	8132803.486000	46.007000
5.000000	38.941000	360479.024000
8132803.877000	46.644000	5.000000
38.876000	360480.461000	8132803.718000
42.460000	5.000000	38.766000
360480.409000	8132803.530000	42.738000
5.000000	38.800000	360480.355000
8132803.332000	42.988000	5.000000
38.835000	360480.393000	8132803.530000
43.315000	5.000000	38.801000
360480.142000	8132803.726000	43.737000
5.000000	38.794000	360480.301000
8132803.212000	43.938000	5.000000
38.858000	360480.032000	8132803.315000
44.214000	5.000000	38.867000
360480.254000	8132803.045000	44.215000
5.000000	38.888000	360479.961000
8132803.021000	44.255000	5.000000
38.918000	360480.434000	8132803.822000
44.342000	5.000000	38.753000
360480.143000	8132803.816000	44.489000
5.000000	38.781000	360479.961000
8132803.809000	44.587000	5.000000
38.799000	360479.885000	8132803.492000
44.592000	5.000000	38.853000
360474.810000	8132804.878000	43.671000
5.000000	39.226000	360475.123000
8132804.295000	43.537000	5.000000
39.243000	360474.911000	8132804.569000
43.572000	5.000000	39.242000
360475.213000	8132804.689000	43.646000
5.000000	39.199000	360474.999000
8132804.957000	43.670000	5.000000
39.199000	360475.357000	8132804.075000
44.303000	5.000000	39.240000
360475.599000	8132804.170000	44.405000
5.000000	39.208000	360475.822000
8132804.374000	44.653000	5.000000
39.167000	360475.748000	8132804.062000
44.676000	5.000000	39.205000
360475.562000	8132804.058000	44.816000
5.000000	39.222000	360475.546000
8132804.982000	45.183000	5.000000
39.137000	360475.744000	8132804.124000
45.355000	5.000000	39.199000
360475.854000	8132804.616000	45.572000
5.000000	39.140000	360475.740000
8132804.913000	45.605000	5.000000
39.122000	360476.206000	8132804.975000
44.940000	5.000000	39.065000
360476.771000	8132804.959000	45.253000
5.000000	39.006000	360476.379000
8132804.691000	45.545000	5.000000
39.077000	360475.938000	8132804.984000
45.639000	5.000000	39.094000
360475.996000	8132804.193000	45.887000
5.000000	39.168000	360476.180000
8132804.999000	46.073000	5.000000
39.066000	360476.106000	8132804.690000
46.114000	5.000000	39.106000
360476.213000	8132804.067000	46.203000
5.000000	39.161000	360476.411000
8132804.220000	46.384000	5.000000
39.126000	360476.589000	8132804.323000
46.416000	5.000000	39.097000
360476.503000	8132804.620000	46.477000
5.000000	39.072000	360476.332000
8132804.607000	46.493000	5.000000
39.091000	360476.679000	8132804.718000
46.522000	5.000000	39.043000
360476.071000	8132804.587000	46.522000
5.000000	39.120000	360476.629000
8132804.531000	46.753000	5.000000
39.069000	360477.748000	8132804.053000
44.429000	5.000000	39.001000
360477.485000	8132804.737000	45.208000
5.000000	38.945000	360477.119000
8132804.160000	46.022000	5.000000
39.062000	360477.513000	8132804.967000
46.150000	5.000000	38.913000
360477.620000	8132804.711000	46.199000
5.000000	38.932000	360477.247000
8132804.747000	46.402000	5.000000
38.975000	360477.462000	8132804.787000
46.445000	5.000000	38.942000
360477.655000	8132804.893000	46.496000
5.000000	38.904000	360477.830000
8132804.643000	46.504000	5.000000
38.914000	360476.961000	8132804.802000
46.521000	5.000000	39.004000
360477.101000	8132804.144000	46.530000
5.000000	39.066000	360477.405000
8132804.565000	46.628000	5.000000
38.977000	360477.591000	8132804.642000
46.668000	5.000000	38.944000
360476.913000	8132804.624000	46.765000
5.000000	39.030000	360477.341000
8132804.311000	46.795000	5.000000
39.017000	360477.146000	8132804.381000
46.913000	5.000000	39.032000
360477.084000	8132804.134000	47.045000
5.000000	39.069000	360477.811000
8132804.624000	47.054000	5.000000
38.919000	360477.300000	8132804.175000
47.109000	5.000000	39.038000
360477.468000	8132804.897000	47.168000
5.000000	38.927000	360477.573000
8132804.628000	47.197000	5.000000
38.948000	360477.389000	8132804.565000
47.207000	5.000000	38.979000
360477.491000	8132804.282000	47.212000
5.000000	39.002000	360477.750000
8132804.387000	47.223000	5.000000
38.957000	360478.015000	8132804.160000
44.606000	5.000000	38.955000
360478.112000	8132804.669000	45.436000
5.000000	38.875000	360478.292000
8132804.731000	45.544000	5.000000
38.843000	360478.326000	8132804.158000
45.563000	5.000000	38.918000
360477.899000	8132804.839000	45.712000
5.000000	38.879000	360478.195000
8132804.379000	46.045000	5.000000
38.903000	360478.604000	8132804.231000
46.117000	5.000000	38.874000
360478.300000	8132804.850000	46.266000
5.000000	38.826000	360478.494000
8132804.960000	46.345000	5.000000
38.786000	360478.155000	8132804.977000
46.486000	5.000000	38.828000
360478.723000	8132804.781000	46.489000
5.000000	38.781000	360478.084000
8132804.680000	46.558000	5.000000
38.877000	360478.578000	8132804.175000
46.573000	5.000000	38.885000
360478.287000	8132804.109000	46.580000
5.000000	38.929000	360478.264000
8132804.740000	46.633000	5.000000
38.846000	360478.108000	8132804.084000
46.689000	5.000000	38.954000
360477.944000	8132804.116000	46.785000
5.000000	38.969000	360478.208000
8132804.524000	46.835000	5.000000
38.882000	360478.839000	8132804.026000
46.875000	5.000000	38.875000
360478.039000	8132804.530000	46.884000
5.000000	38.902000	360478.403000
8132804.639000	46.897000	5.000000
38.842000	360479.341000	8132804.896000
43.844000	5.000000	38.696000
360479.490000	8132804.792000	44.118000
5.000000	38.696000	360479.601000
8132804.249000	44.761000	5.000000
38.766000	360479.101000	8132804.914000
44.961000	5.000000	38.716000
360479.571000	8132804.175000	45.196000
5.000000	38.780000	360479.653000
8132804.519000	45.206000	5.000000
38.721000	360479.107000	8132804.074000
45.295000	5.000000	38.839000
360479.751000	8132804.957000	45.383000
5.000000	38.646000	360479.644000
8132804.555000	45.821000	5.000000
38.717000	360479.733000	8132804.939000
45.896000	5.000000	38.650000
360479.380000	8132804.532000	45.914000
5.000000	38.746000	360479.478000
8132804.962000	46.044000	5.000000
38.672000	360479.589000	8132804.351000
46.071000	5.000000	38.752000
360479.204000	8132804.578000	46.122000
5.000000	38.756000	360479.080000
8132804.972000	46.210000	5.000000
38.710000	360479.298000	8132804.992000
46.228000	5.000000	38.686000
360479.532000	8132804.133000	46.281000
5.000000	38.790000	360479.342000
8132804.415000	46.294000	5.000000
38.767000	360479.025000	8132804.761000
46.419000	5.000000	38.746000
360478.903000	8132804.286000	46.760000
5.000000	38.830000	360480.326000
8132804.290000	41.840000	5.000000
38.691000	360480.145000	8132804.286000
41.949000	5.000000	38.709000
360480.294000	8132804.203000	42.255000
5.000000	38.707000	360479.987000
8132804.540000	42.979000	5.000000
38.686000	360480.402000	8132804.763000
43.186000	5.000000	38.611000
360480.641000	8132804.582000	43.333000
5.000000	38.616000	360480.086000
8132804.225000	43.584000	5.000000
38.724000	360480.063000	8132804.939000
43.640000	5.000000	38.618000
360480.601000	8132804.452000	43.677000
5.000000	38.640000	360480.384000
8132804.750000	43.726000	5.000000
38.615000	360480.539000	8132804.209000
43.862000	5.000000	38.683000
360480.318000	8132804.489000	43.882000
5.000000	38.662000	360480.242000
8132804.175000	43.937000	5.000000
38.717000	360480.215000	8132804.816000
43.977000	5.000000	38.622000
360480.066000	8132804.195000	44.067000
5.000000	38.730000	360480.212000
8132804.094000	44.344000	5.000000
38.732000	360480.403000	8132804.935000
44.620000	5.000000	38.585000
360480.223000	8132804.941000	44.767000
5.000000	38.602000	360480.034000
8132804.950000	44.806000	5.000000
38.619000	360480.178000	8132804.784000
45.039000	5.000000	38.630000
360479.981000	8132804.754000	45.067000
5.000000	38.654000	360480.102000
8132804.470000	45.124000	5.000000
38.685000	360479.909000	8132804.457000
45.124000	5.000000	38.706000
360475.769000	8132805.575000	42.217000
5.000000	39.099000	360475.715000
8132805.379000	42.498000	5.000000
39.109000	360475.799000	8132805.824000
43.224000	5.000000	39.091000
360475.442000	8132805.650000	43.524000
5.000000	39.131000	360474.952000
8132805.467000	43.545000	5.000000
39.186000	360474.894000	8132805.242000
43.731000	5.000000	39.198000
360475.086000	8132805.334000	43.731000
5.000000	39.176000	360475.059000
8132805.951000	43.781000	5.000000
39.161000	360475.179000	8132805.743000
43.845000	5.000000	39.155000
360475.420000	8132805.620000	44.045000
5.000000	39.134000	360475.368000
8132805.426000	44.291000	5.000000
39.144000	360475.824000	8132805.115000
44.309000	5.000000	39.102000
360475.765000	8132805.812000	44.326000
5.000000	39.095000	360475.295000
8132805.125000	44.351000	5.000000
39.159000	360475.389000	8132805.539000
44.473000	5.000000	39.139000
360475.700000	8132805.555000	44.481000
5.000000	39.106000	360475.355000
8132805.437000	44.855000	5.000000
39.145000	360475.298000	8132805.214000
45.021000	5.000000	39.157000
360475.702000	8132805.646000	45.186000
5.000000	39.104000	360475.603000
8132805.286000	45.674000	5.000000
39.122000	360475.684000	8132805.636000
45.716000	5.000000	39.106000
360475.848000	8132805.402000	45.880000
5.000000	39.094000	360476.516000
8132805.942000	41.995000	5.000000
39.018000	360476.105000	8132805.539000
44.328000	5.000000	39.065000
360476.563000	8132805.331000	44.330000
5.000000	39.020000	360475.990000
8132805.823000	44.349000	5.000000
39.072000	360475.920000	8132805.533000
44.417000	5.000000	39.084000
360476.312000	8132805.367000	44.461000
5.000000	39.046000	360476.850000
8132805.874000	44.618000	5.000000
38.986000	360476.417000	8132805.832000
44.625000	5.000000	39.029000
360476.696000	8132805.942000	44.746000
5.000000	39.001000	360476.141000
8132805.809000	45.306000	5.000000
39.057000	360475.943000	8132805.740000
45.322000	5.000000	39.078000
360476.258000	8132805.249000	45.385000
5.000000	39.054000	360476.688000
8132805.990000	45.403000	5.000000
39.001000	360476.073000	8132805.530000
45.420000	5.000000	39.069000
360476.425000	8132805.964000	45.432000
5.000000	39.027000	360476.353000
8132805.664000	45.491000	5.000000
39.038000	360476.623000	8132805.733000
45.573000	5.000000	39.010000
360475.906000	8132805.630000	45.696000
5.000000	39.084000	360476.219000
8132805.126000	45.735000	5.000000
39.060000	360476.032000	8132805.398000
45.755000	5.000000	39.075000
360476.744000	8132805.567000	45.817000
5.000000	38.999000	360476.575000
8132805.562000	45.841000	5.000000
39.017000	360476.700000	8132805.413000
46.121000	5.000000	39.005000
360476.528000	8132805.400000	46.159000
5.000000	39.023000	360476.207000
8132805.141000	46.303000	5.000000
39.061000	360476.818000	8132805.284000
46.334000	5.000000	38.994000
360476.657000	8132805.271000	46.469000
5.000000	39.011000	360476.497000
8132805.313000	46.551000	5.000000
39.027000	360476.423000	8132805.006000
46.598000	5.000000	39.039000
360476.769000	8132805.109000	46.626000
5.000000	39.000000	360476.604000
8132805.071000	46.673000	5.000000
39.018000	360476.901000	8132805.816000
42.302000	5.000000	38.982000
360477.021000	8132805.942000	44.590000
5.000000	38.969000	360477.751000
8132805.811000	44.745000	5.000000
38.887000	360477.692000	8132805.585000
44.955000	5.000000	38.891000
360477.227000	8132805.783000	45.295000
5.000000	38.946000	360477.678000
8132805.592000	45.505000	5.000000
38.893000	360477.720000	8132805.810000
45.861000	5.000000	38.890000
360476.954000	8132805.831000	46.076000
5.000000	38.976000	360476.869000
8132805.470000	46.083000	5.000000
38.987000	360477.669000	8132805.625000
46.108000	5.000000	38.894000
360477.545000	8132805.982000	46.162000
5.000000	38.911000	360477.600000
8132805.344000	46.196000	5.000000
38.900000	360477.477000	8132805.706000
46.251000	5.000000	38.917000
360477.184000	8132805.721000	46.298000
5.000000	38.951000	360477.799000
8132805.490000	46.355000	5.000000
38.877000	360477.721000	8132805.158000
46.360000	5.000000	38.883000
360477.341000	8132805.163000	46.525000
5.000000	38.931000	360477.047000
8132805.166000	46.539000	5.000000
38.969000	360477.435000	8132805.568000
46.593000	5.000000	38.921000
360477.134000	8132805.543000	46.599000
5.000000	38.957000	360477.657000
8132805.642000	46.683000	5.000000
38.896000	360478.761000	8132805.544000
41.623000	5.000000	38.763000
360478.654000	8132805.810000	41.631000
5.000000	38.784000	360478.483000
8132805.806000	41.690000	5.000000
38.804000	360478.595000	8132805.667000
42.552000	5.000000	38.787000
360478.437000	8132805.080000	43.276000
5.000000	38.790000	360478.165000
8132805.830000	44.526000	5.000000
38.840000	360478.747000	8132805.950000
45.673000	5.000000	38.778000
360478.216000	8132805.141000	45.678000
5.000000	38.820000	360478.140000
8132805.868000	45.728000	5.000000
38.844000	360477.988000	8132805.229000
45.790000	5.000000	38.850000
360477.907000	8132805.896000	45.932000
5.000000	38.870000	360478.370000
8132805.141000	46.213000	5.000000
38.800000	360478.116000	8132805.821000
46.227000	5.000000	38.845000
360477.870000	8132805.780000	46.269000
5.000000	38.873000	360478.049000
8132805.549000	46.312000	5.000000
38.848000	360478.578000	8132805.311000
46.333000	5.000000	38.778000
360477.973000	8132805.231000	46.350000
5.000000	38.852000	360478.381000
8132805.919000	46.371000	5.000000
38.818000	360478.663000	8132805.677000
46.381000	5.000000	38.779000
360478.797000	8132805.084000	46.397000
5.000000	38.743000	360478.301000
8132805.586000	46.407000	5.000000
38.819000	360478.480000	8132805.631000
46.436000	5.000000	38.799000
360477.925000	8132805.056000	46.611000
5.000000	38.855000	360479.281000
8132805.287000	41.612000	5.000000
38.698000	360479.072000	8132805.796000
42.486000	5.000000	38.738000
360479.759000	8132805.795000	42.924000
5.000000	38.676000	360479.588000
8132805.864000	43.137000	5.000000
38.694000	360479.727000	8132805.707000
43.316000	5.000000	38.675000
360479.500000	8132805.651000	44.518000
5.000000	38.693000	360479.137000
8132805.027000	44.605000	5.000000
38.701000	360479.549000	8132805.102000
44.630000	5.000000	38.664000
360479.834000	8132805.234000	44.726000
5.000000	38.642000	360479.737000
8132805.924000	44.857000	5.000000
38.684000	360479.541000	8132805.864000
44.872000	5.000000	38.699000
360479.463000	8132805.535000	44.898000
5.000000	38.691000	360479.597000
8132805.351000	45.041000	5.000000
38.671000	360479.701000	8132805.817000
45.237000	5.000000	38.682000
360479.219000	8132805.455000	45.310000
5.000000	38.711000	360479.835000
8132805.321000	45.445000	5.000000
38.646000	360479.161000	8132805.230000
45.480000	5.000000	38.707000
360479.657000	8132805.665000	45.560000
5.000000	38.679000	360479.547000
8132805.977000	45.627000	5.000000
38.703000	360478.873000	8132805.319000
45.651000	5.000000	38.742000
360479.474000	8132805.672000	45.670000
5.000000	38.696000	360479.268000
8132805.715000	45.737000	5.000000
38.717000	360479.405000	8132805.392000
45.765000	5.000000	38.691000
360479.529000	8132805.153000	45.816000
5.000000	38.668000	360479.609000
8132805.493000	45.820000	5.000000
38.676000	360479.359000	8132805.226000
46.035000	5.000000	38.688000
360479.014000	8132805.972000	46.145000
5.000000	38.750000	360479.161000
8132805.313000	46.199000	5.000000
38.710000	360479.249000	8132805.692000
46.239000	5.000000	38.718000
360478.951000	8132805.726000	46.319000
5.000000	38.747000	360478.873000
8132805.400000	46.364000	5.000000
38.745000	360480.405000	8132805.493000
42.867000	5.000000	38.601000
360480.027000	8132805.841000	42.890000
5.000000	38.654000	360480.224000
8132805.543000	42.952000	5.000000
38.621000	360480.343000	8132805.244000
42.988000	5.000000	38.594000
360479.999000	8132805.774000	43.341000
5.000000	38.653000	360480.311000
8132805.156000	43.393000	5.000000
38.592000	360480.118000	8132805.146000
43.409000	5.000000	38.611000
360480.206000	8132805.527000	43.485000
5.000000	38.622000	360480.272000
8132805.029000	43.745000	5.000000
38.590000	360479.971000	8132805.703000
43.772000	5.000000	38.652000
360480.173000	8132805.434000	43.887000
5.000000	38.620000	360479.962000
8132805.737000	44.403000	5.000000
38.655000	360479.886000	8132805.426000
44.482000	5.000000	38.647000
360480.170000	8132805.498000	44.565000
5.000000	38.623000	360480.303000
8132805.278000	44.743000	5.000000
38.600000	360480.110000	8132805.269000
44.784000	5.000000	38.618000
360479.872000	8132805.431000	45.051000
5.000000	38.648000	360479.972000
8132805.874000	45.223000	5.000000
38.660000	360475.628000	8132806.376000
42.984000	5.000000	39.096000
360475.334000	8132806.308000	43.057000
5.000000	39.125000	360475.559000
8132806.101000	43.133000	5.000000
39.108000	360475.150000	8132806.263000
43.167000	5.000000	39.143000
360475.299000	8132806.210000	43.482000
5.000000	39.130000	360475.120000
8132806.186000	43.580000	5.000000
39.148000	360475.541000	8132806.092000
43.702000	5.000000	39.110000
360475.257000	8132806.067000	43.790000
5.000000	39.138000	360475.512000
8132806.019000	44.123000	5.000000
39.115000	360475.847000	8132806.167000
44.365000	5.000000	39.079000
360476.793000	8132806.048000	42.155000
5.000000	38.991000	360476.216000
8132806.601000	42.805000	5.000000
39.038000	360476.811000	8132806.224000
42.980000	5.000000	38.988000
360476.632000	8132806.555000	43.001000
5.000000	39.001000	360476.362000
8132806.480000	43.048000	5.000000
39.027000	360475.955000	8132806.478000
43.146000	5.000000	39.064000
360476.571000	8132806.320000	43.211000
5.000000	39.009000	360475.901000
8132806.275000	43.358000	5.000000
39.072000	360476.201000	8132806.602000
43.363000	5.000000	39.039000
360476.137000	8132806.346000	43.469000
5.000000	39.049000	360476.336000
8132806.422000	43.513000	5.000000
39.030000	360476.066000	8132806.050000
43.538000	5.000000	39.061000
360475.922000	8132806.477000	44.287000
5.000000	39.067000	360476.653000
8132806.831000	44.597000	5.000000
38.997000	360476.389000	8132806.783000
44.632000	5.000000	39.020000
360476.838000	8132806.536000	44.632000
5.000000	38.983000	360476.193000
8132806.722000	44.634000	5.000000
39.038000	360476.328000	8132806.538000
44.776000	5.000000	39.029000
360476.125000	8132806.453000	44.793000
5.000000	39.049000	360476.613000
8132806.701000	44.926000	5.000000
39.002000	360476.060000	8132806.194000
44.952000	5.000000	39.059000
360476.268000	8132806.310000	44.989000
5.000000	39.038000	360476.196000
8132806.019000	45.107000	5.000000
39.049000	360476.565000	8132806.527000
45.183000	5.000000	39.008000
360476.489000	8132806.215000	45.249000
5.000000	39.018000	360476.760000
8132806.284000	45.303000	5.000000
38.992000	360476.845000	8132806.652000
45.364000	5.000000	38.981000
360476.720000	8132806.156000	45.674000
5.000000	38.997000	360476.864000
8132806.109000	46.109000	5.000000
38.983000	360477.552000	8132806.755000
41.834000	5.000000	38.916000
360477.780000	8132806.479000	41.926000
5.000000	38.891000	360477.268000
8132806.820000	43.179000	5.000000
38.942000	360477.131000	8132806.937000
43.544000	5.000000	38.955000
360476.962000	8132806.942000	43.624000
5.000000	38.970000	360477.273000
8132806.937000	43.970000	5.000000
38.942000	360477.096000	8132806.844000
43.991000	5.000000	38.958000
360476.932000	8132806.863000	44.028000
5.000000	38.973000	360477.836000
8132806.094000	44.077000	5.000000
38.881000	360477.222000	8132806.752000
44.264000	5.000000	38.947000
360477.056000	8132806.712000	44.318000
5.000000	38.962000	360476.891000
8132806.734000	44.408000	5.000000
38.977000	360477.706000	8132806.506000
44.811000	5.000000	38.899000
360477.647000	8132806.276000	44.969000
5.000000	38.903000	360477.810000
8132806.967000	44.972000	5.000000
38.895000	360477.510000	8132806.949000
44.992000	5.000000	38.921000
360477.436000	8132806.640000	45.019000
5.000000	38.926000	360477.362000
8132806.337000	45.103000	5.000000
38.932000	360477.084000	8132806.269000
45.126000	5.000000	38.961000
360476.907000	8132806.897000	45.223000
5.000000	38.974000	360477.085000
8132806.951000	45.281000	5.000000
38.959000	360476.933000	8132806.310000
45.328000	5.000000	38.976000
360477.188000	8132806.740000	45.362000
5.000000	38.950000	360477.020000
8132806.687000	45.388000	5.000000
38.966000	360477.840000	8132806.281000
45.515000	5.000000	38.883000
360477.342000	8132806.306000	45.591000
5.000000	38.934000	360477.723000
8132806.679000	45.628000	5.000000
38.899000	360477.424000	8132806.659000
45.630000	5.000000	38.927000
360476.896000	8132806.198000	45.695000
5.000000	38.980000	360477.652000
8132806.386000	45.728000	5.000000
38.903000	360477.158000	8132806.659000
45.762000	5.000000	38.953000
360477.285000	8132806.089000	45.795000
5.000000	38.940000	360477.089000
8132806.377000	45.862000	5.000000
38.960000	360477.591000	8132806.147000
45.876000	5.000000	38.907000
360477.801000	8132806.161000	45.897000
5.000000	38.885000	360477.044000
8132806.224000	46.160000	5.000000
38.965000	360477.257000	8132806.023000
46.225000	5.000000	38.943000
360478.549000	8132806.063000	41.519000
5.000000	38.803000	360478.312000
8132806.116000	41.637000	5.000000
38.830000	360478.133000	8132806.429000
42.275000	5.000000	38.855000
360478.323000	8132806.255000	42.412000
5.000000	38.832000	360478.443000
8132806.808000	42.784000	5.000000
38.834000	360478.371000	8132806.506000
42.828000	5.000000	38.834000
360478.798000	8132806.567000	42.887000
5.000000	38.794000	360478.628000
8132806.568000	42.951000	5.000000
38.810000	360478.732000	8132806.303000
43.056000	5.000000	38.791000
360477.974000	8132806.573000	43.183000
5.000000	38.874000	360477.934000
8132806.448000	43.531000	5.000000
38.876000	360478.797000	8132806.648000
43.627000	5.000000	38.797000
360478.050000	8132806.240000	43.658000
5.000000	38.860000	360478.638000
8132806.701000	43.719000	5.000000
38.813000	360478.155000	8132806.709000
43.878000	5.000000	38.859000
360478.006000	8132806.085000	43.933000
5.000000	38.862000	360478.757000
8132806.518000	43.959000	5.000000
38.796000	360478.266000	8132806.198000
44.013000	5.000000	38.837000
360478.437000	8132806.938000	44.121000
5.000000	38.838000	360478.605000
8132806.606000	44.137000	5.000000
38.814000	360478.376000	8132806.696000
44.281000	5.000000	38.838000
360478.752000	8132806.573000	44.619000
5.000000	38.798000	360478.582000
8132806.566000	44.623000	5.000000
38.815000	360478.168000	8132806.857000
44.675000	5.000000	38.861000
360478.003000	8132806.887000	44.784000
5.000000	38.876000	360478.358000
8132806.682000	44.812000	5.000000
38.839000	360478.449000	8132806.028000
44.823000	5.000000	38.813000
360478.112000	8132806.640000	44.846000
5.000000	38.862000	360478.703000
8132806.395000	44.885000	5.000000
38.797000	360478.533000	8132806.391000
44.893000	5.000000	38.814000
360478.299000	8132806.448000	44.957000
5.000000	38.839000	360478.642000
8132806.156000	45.047000	5.000000
38.796000	360478.235000	8132806.200000
45.134000	5.000000	38.840000
360478.856000	8132806.368000	45.272000
5.000000	38.781000	360477.983000
8132806.868000	45.349000	5.000000
38.878000	360478.515000	8132806.376000
45.396000	5.000000	38.816000
360477.915000	8132806.593000	45.484000
5.000000	38.880000	360478.105000
8132806.691000	45.516000	5.000000
38.863000	360478.624000	8132806.138000
45.551000	5.000000	38.798000
360478.812000	8132806.217000	45.570000
5.000000	38.780000	360478.375000
8132806.850000	45.617000	5.000000
38.842000	360478.324000	8132806.664000
45.896000	5.000000	38.842000
360478.668000	8132806.368000	45.929000
5.000000	38.800000	360478.080000
8132806.643000	46.035000	5.000000
38.865000	360478.505000	8132806.409000
46.038000	5.000000	38.818000
360478.007000	8132806.337000	46.075000
5.000000	38.867000	360478.264000
8132806.436000	46.120000	5.000000
38.843000	360477.913000	8132806.663000
46.141000	5.000000	38.881000
360478.190000	8132806.128000	46.155000
5.000000	38.843000	360478.616000
8132806.178000	46.197000	5.000000
38.800000	360478.446000	8132806.178000
46.238000	5.000000	38.818000
360478.752000	8132806.062000	46.437000
5.000000	38.781000	360478.570000
8132806.021000	46.518000	5.000000
38.800000	360479.427000	8132806.057000
42.892000	5.000000	38.717000
360479.641000	8132806.063000	42.923000
5.000000	38.699000	360478.993000
8132806.757000	43.636000	5.000000
38.782000	360479.230000	8132806.622000
43.855000	5.000000	38.757000
360478.952000	8132806.630000	44.022000
5.000000	38.781000	360479.809000
8132806.135000	44.027000	5.000000
38.687000	360479.693000	8132806.416000
44.054000	5.000000	38.710000
360479.480000	8132806.417000	44.065000
5.000000	38.728000	360479.618000
8132806.100000	44.104000	5.000000
38.702000	360479.656000	8132806.300000
44.435000	5.000000	38.708000
360478.923000	8132806.556000	44.453000
5.000000	38.781000	360479.443000
8132806.309000	44.490000	5.000000
38.727000	360479.219000	8132806.650000
44.495000	5.000000	38.759000
360479.791000	8132806.122000	44.586000
5.000000	38.688000	360479.166000
8132806.454000	44.726000	5.000000
38.756000	360479.473000	8132806.465000
44.749000	5.000000	38.731000
360479.609000	8132806.140000	44.775000
5.000000	38.705000	360478.890000
8132806.466000	44.877000	5.000000
38.781000	360479.412000	8132806.225000
44.906000	5.000000	38.726000
360479.120000	8132806.290000	45.026000
5.000000	38.753000	360479.596000
8132806.151000	45.345000	5.000000
38.706000	360479.173000	8132806.571000
45.490000	5.000000	38.760000
360479.108000	8132806.307000	45.608000
5.000000	38.755000	360479.411000
8132806.306000	45.609000	5.000000
38.729000	360479.038000	8132806.021000
45.684000	5.000000	38.750000
360479.348000	8132806.049000	45.731000
5.000000	38.724000	360476.708000
8132807.041000	44.392000	5.000000
38.991000	360477.324000	8132807.039000
43.014000	5.000000	38.938000
360477.169000	8132807.048000	43.128000
5.000000	38.952000	360477.739000
8132807.740000	43.463000	5.000000
38.906000	360477.686000	8132807.546000
43.704000	5.000000	38.910000
360477.616000	8132807.255000	43.770000
5.000000	38.914000	360477.340000
8132807.201000	43.806000	5.000000
38.938000	360477.573000	8132807.105000
44.057000	5.000000	38.917000
360477.859000	8132807.140000	44.661000
5.000000	38.892000	360477.559000
8132807.119000	44.672000	5.000000
38.918000	360477.155000	8132807.235000
45.175000	5.000000	38.955000
360477.255000	8132807.005000	45.223000
5.000000	38.944000	360477.946000
8132807.355000	43.374000	5.000000
38.885000	360478.296000	8132807.286000
43.693000	5.000000	38.854000
360478.476000	8132807.059000	43.743000
5.000000	38.837000	360478.123000
8132807.276000	43.786000	5.000000
38.869000	360477.927000	8132807.338000
43.908000	5.000000	38.887000
360478.064000	8132807.048000	43.968000
5.000000	38.873000	360478.249000
8132807.121000	43.995000	5.000000
38.857000	360477.868000	8132807.106000
44.072000	5.000000	38.891000
360478.107000	8132807.276000	44.344000
5.000000	38.870000	360478.229000
8132807.099000	44.522000	5.000000
38.859000	360477.928000	8132807.426000
44.599000	5.000000	38.887000
360478.063000	8132807.122000	44.642000
5.000000	38.874000	