88 85 84
79 133 55
0.545 0.612 0.471
1.4
7 87 99
0 0.000000 0.000000 0.000000 0.012000
1 0.075660 0.000000 0.030698 0.011000
2 0.142885 0.000000 0.050810 0.010000
3 0.207704 0.000000 0.072018 0.009000
4 0.275308 0.000000 0.088922 0.008000
5 0.352745 0.000000 0.108540 0.007000
6 0.413488 0.000000 0.133826 0.006000
0 0.413488 0.000000 0.133826 0.090654 0.411809
1 0.459381 -0.006495 0.327684 0.117407 0.585439
2 0.538566 -0.023556 0.460196 0.157171 0.719545
3 0.619329 -0.048584 0.568187 0.198009 0.829858
4 0.636512 -0.045459 0.542705 0.206607 0.803901
5 0.760642 -0.087887 0.648967 0.270014 0.914215
6 0.766378 -0.079016 0.609115 0.272701 0.873118
7 0.841121 -0.111021 0.670747 0.311391 0.938008
8 0.838460 -0.102143 0.640603 0.309779 0.906645
9 0.926452 -0.132757 0.667111 0.355453 0.935845
10 0.926061 -0.123383 0.633922 0.354915 0.901236
11 0.992463 -0.152395 0.662565 0.389843 0.932601
12 1.000186 -0.148165 0.638619 0.393605 0.907725
13 1.068504 -0.184256 0.674986 0.430144 0.947741
14 1.075312 -0.178806 0.648098 0.433369 0.919622
15 1.190524 -0.245793 0.695354 0.496239 0.973697
16 1.192825 -0.234781 0.658739 0.496776 0.934763
17 1.332240 -0.318488 0.674132 0.574691 0.957475
18 1.334512 -0.309585 0.643935 0.575229 0.925030
19 1.484880 -0.414475 0.639186 0.662817 0.928275
20 1.477686 -0.396823 0.603937 0.657444 0.889341
21 1.613445 -0.509801 0.592011 0.740732 0.885014
22 1.607942 -0.496903 0.568910 0.736434 0.859058
23 1.701361 -0.580322 0.536721 0.796080 0.829858
24 1.697183 -0.572055 0.524392 0.792856 0.815798
25 1.777814 -0.647676 0.472981 0.846053 0.763887
26 1.771998 -0.634569 0.449221 0.841217 0.736849
27 1.819698 -0.685132 0.419601 0.873995 0.706566
28 1.807750 -0.665731 0.399054 0.864860 0.682774
29 1.864450 -0.727891 0.346455 0.904624 0.626536
30 1.851205 -0.707130 0.325868 0.894415 0.602742
31 1.900647 -0.767291 0.278231 0.930417 0.550830
32 1.896053 -0.758995 0.260206 0.926656 0.530282
33 1.933025 -0.808020 0.213740 0.954597 0.478370
34 1.922780 -0.792590 0.202467 0.946537 0.465392
35 1.979021 -0.877412 0.103928 0.991333 0.352629
36 1.941392 -0.819417 0.116478 0.961031 0.367537
37 1.904876 -0.766998 0.112533 0.932750 0.363471
38 1.864745 -0.714941 0.070892 0.903012 0.317226
39 1.872499 -0.726492 0.055647 0.908923 0.299923
40 1.837724 -0.682759 0.040359 0.883667 0.283700
41 1.846190 -0.695902 0.019314 0.890115 0.259907
42 1.807836 -0.652848 -0.016769 0.863248 0.220973
43 1.819473 -0.669656 -0.032817 0.871846 0.202588
44 1.751523 -0.594479 -0.061755 0.825096 0.173387
45 1.759315 -0.608114 -0.086808 0.831007 0.145268
46 1.706200 -0.552767 -0.100905 0.795542 0.132289
47 1.716630 -0.568908 -0.123959 0.803065 0.106334
48 1.626680 -0.482858 -0.143901 0.745031 0.089029
49 1.626932 -0.491845 -0.179508 0.746106 0.050095
50 1.507125 -0.391025 -0.192997 0.672489 0.041444
51 1.501859 -0.392097 -0.213276 0.669802 0.019814
52 1.381854 -0.302720 -0.202869 0.599410 0.036036
53 1.384940 -0.309781 -0.223083 0.601559 0.014406
54 1.286431 -0.243667 -0.198731 0.545675 0.043607
55 1.293485 -0.253405 -0.223148 0.549973 0.017650
56 1.178258 -0.187588 -0.196358 0.486566 0.049015
57 1.191619 -0.199341 -0.220887 0.494089 0.023058
58 1.074514 -0.142287 -0.190156 0.431220 0.057666
59 1.076149 -0.147407 -0.212048 0.432294 0.034955
60 0.937703 -0.093737 -0.174387 0.359752 0.076052
61 0.941437 -0.100887 -0.206960 0.361901 0.042525
62 0.798274 -0.058690 -0.165242 0.288284 0.086867
63 0.804332 -0.065302 -0.196943 0.291508 0.054422
64 0.715827 -0.039459 -0.131812 0.246371 0.121474
65 0.718757 -0.046418 -0.175365 0.247983 0.077133
66 0.658339 -0.031253 -0.127828 0.217354 0.125801
67 0.658250 -0.034034 -0.148061 0.217354 0.105252
68 0.599726 -0.020252 -0.086409 0.187800 0.167979
69 0.587862 -0.023384 -0.121678 0.181889 0.132289
70 0.503408 -0.006631 0.001238 0.139439 0.256663
71 0.500164 -0.008544 -0.027712 0.137827 0.227462
72 0.448666 -0.002130 0.059172 0.112033 0.315064
73 0.525884 -0.002842 0.171518 0.150658 0.428152
74 0.685190 -0.016336 0.175717 0.230570 0.432413
75 0.871283 -0.049158 0.197723 0.324771 0.454781
76 1.014371 -0.088491 0.195413 0.398333 0.452650
77 1.135544 -0.133146 0.199332 0.461840 0.456911
78 1.213836 -0.167772 0.188769 0.503648 0.446260
79 1.342226 -0.236957 0.208941 0.574035 0.467562
80 1.412606 -0.280768 0.193319 0.613726 0.451585
81 1.513489 -0.353337 0.191898 0.672469 0.450520
82 1.613534 -0.437260 0.193414 0.733330 0.452650
83 1.756184 -0.580408 0.180886 0.825943 0.439869
84 1.846055 -0.687541 0.164205 0.888920 0.421761
85 1.916627 -0.782731 0.152788 0.941631 0.408980
86 1.957680 -0.843466 0.128640 0.973913 0.381286
0 68 70 69
1 66 65 64
2 66 64 68
3 66 68 67
4 74 70 68
5 0 72 73
6 73 70 74
7 70 73 72
8 71 70 72
9 0 73 1
10 74 68 64
11 60 59 58
12 55 54 56
13 79 54 80
14 57 56 58
15 63 62 64
16 76 60 58
17 62 61 60
18 77 58 56
19 64 62 75
20 60 75 62
21 78 56 54
22 2 1 74
23 4 74 75
24 74 4 2
25 74 64 75
26 4 75 6
27 1 73 74
28 2 4 3
29 4 6 5
30 6 8 7
31 10 9 8
32 10 8 6
33 75 10 6
34 75 76 10
35 12 76 77
36 11 10 12
37 16 77 78
38 77 76 58
39 79 78 54
40 77 14 12
41 60 76 75
42 16 78 79
43 16 14 77
44 15 14 16
45 14 13 12
46 16 79 18
47 12 10 76
48 78 77 56
49 52 54 53
50 80 52 50
51 51 50 52
52 48 50 49
53 48 47 46
54 46 82 48
55 42 44 43
56 45 44 46
57 44 82 46
58 81 50 48
59 42 83 44
60 83 42 40
61 42 41 40
62 39 38 40
63 40 38 84
64 84 37 85
65 37 84 38
66 85 37 36
67 84 85 34
68 36 35 86
69 36 86 85
70 85 86 34
71 83 40 84
72 20 80 81
73 80 50 81
74 26 24 82
75 24 22 82
76 81 82 22
77 48 82 81
78 22 24 23
79 18 17 16
80 18 79 20
81 19 18 20
82 21 20 22
83 20 81 22
84 79 80 20
85 83 84 30
86 84 32 30
87 33 32 34
88 34 86 35
89 84 34 32
90 30 32 31
91 26 83 28
92 27 26 28
93 26 25 24
94 29 28 30
95 83 30 28
96 83 26 82
97 83 82 44
98 80 54 52
