100 90 80
255 60 20
0.235 0.133 0.129
2.0
6 147 188
0 0.000000 0.000000 -0.000000 0.012000
1 0.076516 0.000000 -0.001584 0.011333
2 0.305704 0.000000 0.009027 0.010000
3 0.561464 0.000000 0.021571 0.008667
4 0.777308 0.000000 0.025683 0.007333
5 0.945732 0.000000 0.032173 0.006000
0 0.897157 -0.005395 0.096161 0.597444 0.321929
1 0.836714 -0.022119 0.153973 0.601089 0.273712
2 0.782530 -0.050153 0.217363 0.600047 0.225495
3 0.758160 -0.076569 0.272994 0.592234 0.189183
4 0.746974 -0.102265 0.323630 0.574005 0.157634
5 0.733306 -0.140851 0.387142 0.566432 0.121005
6 0.715703 -0.179993 0.438536 0.555448 0.086356
7 0.684772 -0.234758 0.495589 0.547439 0.040991
8 0.755705 -0.153081 0.419118 0.547440 0.115369
9 0.810873 -0.112157 0.376072 0.539465 0.158503
10 0.855472 -0.085310 0.341499 0.540148 0.189183
11 0.898394 -0.056976 0.291061 0.534417 0.233888
12 0.912277 -0.037734 0.243461 0.545059 0.261243
13 0.936365 -0.021995 0.194902 0.551852 0.292294
14 0.927166 -0.045121 0.265492 0.531294 0.259426
15 0.911341 -0.071752 0.325635 0.517490 0.222430
16 0.910861 -0.104058 0.386310 0.495833 0.195690
17 0.922049 -0.135726 0.437623 0.470941 0.173027
18 0.940738 -0.173211 0.490349 0.445572 0.151197
19 0.961493 -0.219100 0.546157 0.417360 0.138793
20 0.988184 -0.264012 0.593645 0.382342 0.120953
21 1.013038 -0.339700 0.664297 0.340793 0.085465
22 1.025695 -0.416575 0.727879 0.303666 0.048338
23 1.040209 -0.510686 0.796480 0.262630 0.007618
24 1.049612 -0.424085 0.730688 0.292545 0.055306
25 1.064707 -0.328350 0.646203 0.328558 0.111502
26 1.100216 -0.243259 0.550785 0.356758 0.180511
27 1.122584 -0.171161 0.451962 0.384441 0.240695
28 1.120826 -0.124013 0.378799 0.418355 0.275981
29 1.109952 -0.090657 0.320914 0.445357 0.298643
30 1.084236 -0.055698 0.252447 0.476578 0.322269
31 1.124330 -0.088559 0.307652 0.440295 0.314554
32 1.155461 -0.137221 0.382556 0.397402 0.287089
33 1.202864 -0.199879 0.451193 0.350852 0.275498
34 1.276171 -0.285060 0.514127 0.293051 0.271641
35 1.372765 -0.387944 0.557682 0.239891 0.285142
36 1.443942 -0.475307 0.585936 0.180454 0.300089
37 1.504486 -0.573167 0.621477 0.134468 0.309250
38 1.556429 -0.675948 0.658806 0.077089 0.306839
39 1.597787 -0.746497 0.673334 0.012223 0.314486
40 1.551887 -0.624427 0.619941 0.080886 0.323234
41 1.519745 -0.523882 0.559184 0.145858 0.343967
42 1.499159 -0.426428 0.473787 0.196909 0.376079
43 1.457873 -0.314108 0.367760 0.270312 0.409497
44 1.416871 -0.230846 0.269423 0.323801 0.441310
45 1.487153 -0.295458 0.277808 0.285661 0.474661
46 1.558172 -0.366141 0.274971 0.247963 0.507606
47 1.639923 -0.453328 0.253506 0.217362 0.554743
48 1.712192 -0.541573 0.228713 0.185996 0.605662
49 1.796077 -0.668376 0.218840 0.139116 0.656651
50 1.853123 -0.767222 0.214698 0.078658 0.696926
51 1.902516 -0.859008 0.204682 0.037645 0.736074
52 1.845120 -0.743436 0.188176 0.093207 0.703208
53 1.772574 -0.610085 0.152091 0.163042 0.672170
54 1.709132 -0.505768 0.103065 0.223823 0.650370
55 1.651187 -0.423442 0.050508 0.282018 0.652218
56 1.572491 -0.330436 0.004965 0.340214 0.630048
57 1.457144 -0.220103 -0.031611 0.419747 0.588665
58 1.509961 -0.275307 -0.076552 0.410048 0.649262
59 1.597304 -0.388416 -0.153564 0.391296 0.736669
60 1.648991 -0.477494 -0.218167 0.391296 0.807952
61 1.708544 -0.593105 -0.281660 0.373514 0.883698
62 1.746073 -0.668827 -0.311112 0.356055 0.925244
63 1.797269 -0.783547 -0.351917 0.335041 0.990275
64 1.737813 -0.672125 -0.334365 0.366621 0.937743
65 1.687551 -0.590193 -0.324246 0.389356 0.890511
66 1.635788 -0.516995 -0.319514 0.416191 0.848759
67 1.593879 -0.467934 -0.323847 0.443581 0.818461
68 1.527242 -0.396427 -0.328162 0.475356 0.788605
69 1.455080 -0.323487 -0.323077 0.503807 0.742788
70 1.400920 -0.271082 -0.311448 0.528986 0.710110
71 1.338547 -0.214435 -0.291277 0.546768 0.663923
72 1.278038 -0.159994 -0.257145 0.559377 0.628452
73 1.218982 -0.106146 -0.201275 0.563904 0.579619
74 1.140998 -0.051301 -0.123402 0.575543 0.502395
75 1.205296 -0.104011 -0.211133 0.583301 0.574447
76 1.239556 -0.148373 -0.274172 0.589768 0.623323
77 1.261438 -0.202164 -0.348266 0.605610 0.673205
78 1.265056 -0.246572 -0.409114 0.628241 0.701656
79 1.264973 -0.319474 -0.496160 0.656369 0.748123
80 1.291147 -0.417699 -0.578020 0.677384 0.823870
81 1.333264 -0.515802 -0.637454 0.681320 0.891350
82 1.287034 -0.448055 -0.607064 0.687730 0.842345
83 1.256946 -0.386024 -0.567422 0.683850 0.795788
84 1.210564 -0.300263 -0.505295 0.675767 0.736669
85 1.151288 -0.225996 -0.447725 0.678030 0.677920
86 1.086099 -0.165134 -0.392783 0.683527 0.622495
87 1.028310 -0.100436 -0.307549 0.678354 0.554864
88 1.008087 -0.061180 -0.233365 0.662189 0.510155
89 0.996388 -0.031680 -0.157052 0.642143 0.477639
90 0.985116 -0.024171 -0.134164 0.637294 0.452514
91 0.979661 -0.051333 -0.215254 0.669625 0.486138
92 0.934407 -0.096141 -0.309707 0.720177 0.514958
93 0.885191 -0.141448 -0.377927 0.760590 0.526043
94 0.846093 -0.197228 -0.445971 0.806177 0.551538
95 0.831600 -0.247405 -0.501354 0.834305 0.573707
96 0.823497 -0.202869 -0.447721 0.816199 0.547474
97 0.835976 -0.155828 -0.388647 0.786778 0.521609
98 0.839469 -0.108390 -0.315093 0.758004 0.486419
99 0.828759 -0.080708 -0.258587 0.739576 0.453534
100 0.838333 -0.051762 -0.194458 0.714357 0.430255
101 0.855013 -0.028292 -0.129105 0.686877 0.407347
102 0.892218 -0.010368 -0.065759 0.650342 0.392833
103 0.945732 0.000000 0.032173 0.598937 0.364707
104 0.928605 -0.004266 0.101472 0.585268 0.330958
105 0.883186 -0.022365 0.184184 0.575879 0.277304
106 0.828825 -0.056812 0.267539 0.569423 0.218285
107 0.775974 -0.108340 0.353121 0.561207 0.155913
108 0.740806 -0.151309 0.408622 0.555926 0.112989
109 0.972089 -0.004932 0.104300 0.567663 0.345713
110 0.994588 -0.020968 0.183606 0.533039 0.318886
111 1.004119 -0.065808 0.309012 0.486679 0.265232
112 1.014865 -0.129689 0.423180 0.440906 0.214261
113 1.020880 -0.193418 0.510062 0.404521 0.172009
114 1.030547 -0.291327 0.616567 0.355228 0.117013
115 1.078511 -0.023176 0.134040 0.516608 0.371869
116 1.223853 -0.113376 0.278303 0.406869 0.361809
117 1.345402 -0.253508 0.413057 0.297717 0.345713
118 1.427473 -0.386613 0.506464 0.212626 0.332299
119 1.501770 -0.536962 0.590749 0.125773 0.318886
120 1.550710 -0.647431 0.640907 0.065329 0.312179
121 1.071515 -0.013701 0.058056 0.544189 0.402720
122 1.225222 -0.066321 0.082775 0.474355 0.450338
123 1.372303 -0.155073 0.111334 0.400414 0.497285
124 1.511746 -0.275529 0.132478 0.324712 0.549597
125 1.637219 -0.419314 0.155787 0.246076 0.600568
126 1.757076 -0.592658 0.179233 0.159810 0.655563
127 1.839889 -0.738476 0.201896 0.089390 0.695133
128 1.044913 -0.008704 0.007543 0.570826 0.415033
129 1.173312 -0.048729 -0.053836 0.540293 0.491316
130 1.313657 -0.132006 -0.126242 0.506209 0.583017
131 1.453950 -0.260699 -0.202155 0.469285 0.686890
132 1.590131 -0.427989 -0.264100 0.423840 0.795828
133 1.692113 -0.582262 -0.302411 0.381946 0.884283
134 1.749251 -0.684745 -0.326833 0.357094 0.941089
135 1.015465 -0.009147 -0.046031 0.599428 0.427725
136 1.076040 -0.046322 -0.165994 0.615049 0.504819
137 1.120296 -0.095401 -0.260466 0.629251 0.567306
138 1.160733 -0.154798 -0.344223 0.642032 0.626546
139 1.199269 -0.225515 -0.423576 0.654814 0.686598
140 1.252953 -0.346926 -0.531679 0.673275 0.776676
141 1.277863 -0.409721 -0.578142 0.681086 0.819686
142 0.952614 -0.004878 -0.043880 0.622860 0.403542
143 0.917738 -0.028958 -0.152947 0.672068 0.439249
144 0.886952 -0.080019 -0.274306 0.725963 0.483882
145 0.863719 -0.136997 -0.367524 0.769704 0.520481
146 0.841440 -0.186521 -0.431450 0.804071 0.544583
0 37 36 119
1 36 35 118
2 24 22 21
3 22 24 23
4 33 117 34
5 21 25 24
6 117 35 34
7 38 120 39
8 38 37 120
9 40 39 120
10 119 120 37
11 118 119 36
12 119 40 120
13 119 118 41
14 43 42 118
15 117 43 118
16 41 118 42
17 119 41 40
18 35 117 118
19 25 21 114
20 20 113 114
21 20 114 21
22 27 26 113
23 26 114 113
24 20 19 113
25 18 112 113
26 112 17 16
27 17 112 18
28 112 16 111
29 18 113 19
30 27 113 112
31 32 116 33
32 116 32 31
33 33 116 117
34 112 29 28
35 28 27 112
36 30 29 111
37 31 30 116
38 116 30 115
39 111 29 112
40 122 116 115
41 110 30 111
42 26 25 114
43 44 117 116
44 125 48 47
45 125 126 48
46 48 126 49
47 47 46 125
48 43 117 44
49 46 124 125
50 46 45 124
51 124 45 44
52 55 125 56
53 44 123 124
54 126 125 54
55 50 127 52
56 127 50 49
57 52 51 50
58 49 126 127
59 54 53 126
60 54 125 55
61 127 53 52
62 126 53 127
63 56 125 124
64 57 124 123
65 59 58 131
66 124 57 56
67 130 57 123
68 129 130 122
69 131 132 59
70 131 57 130
71 132 131 68
72 131 58 57
73 131 69 68
74 130 123 122
75 44 116 123
76 59 132 60
77 62 61 133
78 133 134 62
79 134 133 64
80 134 64 63
81 62 134 63
82 61 60 133
83 132 66 133
84 133 66 65
85 60 132 133
86 64 133 65
87 132 67 66
88 132 68 67
89 131 130 71
90 122 123 116
91 111 16 15
92 8 7 6
93 10 9 107
94 8 107 9
95 6 108 8
96 108 6 5
97 106 107 3
98 8 108 107
99 4 107 5
100 107 106 10
101 107 108 5
102 10 106 11
103 14 110 111
104 115 110 109
105 115 30 110
106 14 13 110
107 122 115 121
108 12 11 106
109 109 103 115
110 110 13 109
111 105 13 12
112 103 121 115
113 13 104 109
114 121 129 122
115 105 12 106
116 2 106 3
117 103 109 104
118 0 104 105
119 106 2 105
120 3 107 4
121 1 0 105
122 103 102 142
123 0 103 104
124 1 105 2
125 128 121 103
126 103 135 128
127 135 103 142
128 136 135 90
129 90 135 142
130 90 143 91
131 128 135 129
132 143 142 102
133 121 128 129
134 101 100 143
135 100 144 143
136 144 100 99
137 144 99 98
138 142 143 90
139 102 101 143
140 91 143 144
141 104 13 105
142 90 89 136
143 129 74 73
144 129 135 74
145 74 136 75
146 73 72 130
147 89 88 136
148 74 135 136
149 137 76 75
150 137 136 88
151 138 137 87
152 76 137 138
153 87 137 88
154 137 75 136
155 70 131 71
156 131 70 69
157 72 71 130
158 77 138 139
159 78 139 79
160 139 78 77
161 140 139 84
162 139 138 85
163 76 138 77
164 130 129 73
165 93 92 145
166 92 91 144
167 144 145 92
168 146 93 145
169 97 145 98
170 146 96 94
171 96 146 97
172 94 96 95
173 94 93 146
174 145 97 146
175 141 140 83
176 79 139 140
177 81 80 82
178 141 80 140
179 82 80 141
180 140 84 83
181 140 80 79
182 83 82 141
183 85 138 86
184 85 84 139
185 138 87 86
186 145 144 98
187 15 14 111
