111 114 94
35 71 0
0.459 0.561 0.216
1.2
6 77 95
0 0.000000 0.000000 0.000000 0.030000
1 0.350000 0.000000 0.006667 0.030000
2 0.700000 0.000000 0.003333 0.030000
3 1.050000 0.000000 0.000000 0.026667
4 1.400000 0.000000 0.010000 0.026667
5 1.750000 0.000000 0.046667 0.030000
0 1.750000 -0.000385 0.046673 0.454167 0.497222
1 1.836616 -0.016924 -0.152524 0.475833 0.413889
2 1.899562 -0.081765 -0.417659 0.491667 0.300000
3 2.051058 -0.192929 -0.645491 0.530000 0.194444
4 2.276245 -0.296753 -0.783230 0.587500 0.123611
5 2.502600 -0.350719 -0.835892 0.645833 0.094444
6 2.707779 -0.422350 -0.898144 0.700000 0.058333
7 2.859304 -0.499215 -0.960694 0.741667 0.020833
8 2.829520 -0.405580 -0.872208 0.731667 0.073611
9 2.830991 -0.266042 -0.706479 0.729167 0.163889
10 2.873907 -0.216853 -0.625501 0.739167 0.204167
11 2.999741 -0.224609 -0.616831 0.771667 0.208333
12 3.301580 -0.300175 -0.662291 0.853333 0.186111
13 3.503740 -0.368200 -0.681891 0.912500 0.176389
14 3.618775 -0.459138 -0.738917 0.954167 0.147222
15 3.578321 -0.349214 -0.611052 0.930833 0.211111
16 3.493615 -0.174991 -0.247718 0.895000 0.373611
17 3.431480 -0.124908 0.010026 0.876667 0.481944
18 3.555131 -0.175598 0.275993 0.910000 0.593056
19 3.664152 -0.297774 0.590107 0.947500 0.727778
20 3.756592 -0.410665 0.728142 0.983333 0.790278
21 3.616066 -0.325969 0.701150 0.938333 0.777778
22 3.313533 -0.240072 0.713224 0.853333 0.783333
23 3.064356 -0.198757 0.713224 0.787500 0.783333
24 2.978952 -0.206521 0.749028 0.765833 0.800000
25 2.950059 -0.235597 0.807555 0.759167 0.827778
26 2.967265 -0.350745 0.972542 0.766667 0.911111
27 3.016354 -0.469858 1.104294 0.783333 0.983333
28 2.906777 -0.421972 1.064472 0.752500 0.961111
29 2.739545 -0.375097 1.026630 0.707500 0.940278
30 2.490003 -0.341807 1.003648 0.642500 0.927778
31 2.253464 -0.290534 0.948733 0.581667 0.898611
32 2.031275 -0.188737 0.801734 0.525000 0.825000
33 1.869653 -0.082345 0.567992 0.484167 0.718056
34 1.803295 -0.021130 0.315598 0.467500 0.609722
35 2.014684 -0.195034 0.813376 0.520833 0.830556
36 2.278592 -0.199923 0.813376 0.587500 0.830556
37 2.541234 -0.209353 0.813376 0.654167 0.830556
38 2.801670 -0.225384 0.813376 0.720833 0.830556
39 3.058000 -0.251355 0.813376 0.787500 0.830556
40 3.306231 -0.292664 0.813376 0.854167 0.830556
41 2.015812 -0.084651 0.571151 0.520833 0.719444
42 2.281267 -0.089567 0.571151 0.587500 0.719444
43 2.546105 -0.099072 0.571151 0.654167 0.719444
44 2.809804 -0.115296 0.571151 0.720833 0.719444
45 3.071244 -0.141766 0.571151 0.787500 0.719444
46 3.327895 -0.184428 0.571151 0.854167 0.719444
47 2.016451 -0.022110 0.312309 0.520833 0.608333
48 2.282782 -0.027041 0.312309 0.587500 0.608333
49 2.548865 -0.036589 0.312309 0.654167 0.608333
50 2.814413 -0.052922 0.312309 0.720833 0.608333
51 3.078748 -0.079675 0.312309 0.787500 0.608333
52 3.340169 -0.123104 0.312309 0.854167 0.608333
53 2.016656 -0.002016 0.046673 0.520833 0.497222
54 2.283269 -0.006952 0.046673 0.587500 0.497222
55 2.549752 -0.016514 0.046673 0.654167 0.497222
56 2.815893 -0.032882 0.046673 0.720833 0.497222
57 3.081159 -0.059726 0.046673 0.787500 0.497222
58 3.344112 -0.103401 0.046673 0.854167 0.497222
59 2.016378 -0.029289 -0.218268 0.520833 0.386111
60 2.282608 -0.034218 -0.218268 0.587500 0.386111
61 2.548548 -0.043762 -0.218268 0.654167 0.386111
62 2.813884 -0.060082 -0.218268 0.720833 0.386111
63 3.077886 -0.086803 -0.218268 0.787500 0.386111
64 3.338760 -0.130143 -0.218268 0.854167 0.386111
65 2.015610 -0.104373 -0.473650 0.520833 0.275000
66 2.280789 -0.109284 -0.473650 0.587500 0.275000
67 2.545235 -0.118776 -0.473650 0.654167 0.275000
68 2.808351 -0.134966 -0.473650 0.720833 0.275000
69 3.068878 -0.161347 -0.473650 0.787500 0.275000
70 3.324024 -0.203767 -0.473650 0.854167 0.275000
71 2.014294 -0.233167 -0.706479 0.520833 0.163889
72 2.277668 -0.238047 -0.706479 0.587500 0.163889
73 2.539551 -0.247452 -0.706479 0.654167 0.163889
74 2.798860 -0.263416 -0.706479 0.720833 0.163889
75 3.053425 -0.289214 -0.706479 0.787500 0.163889
76 3.298747 -0.330056 -0.706479 0.854167 0.163889
0 0 1 53
1 53 1 60
2 53 60 54
3 54 60 55
4 55 60 61
5 60 66 61
6 60 2 66
7 1 2 60
8 2 3 66
9 3 4 66
10 66 4 67
11 61 66 67
12 61 67 68
13 67 9 68
14 67 73 9
15 67 4 73
16 73 4 5
17 73 5 6
18 73 6 9
19 9 6 8
20 6 7 8
21 68 9 10
22 68 10 11
23 68 11 69
24 68 69 63
25 62 68 63
26 61 68 62
27 55 61 62
28 55 62 56
29 56 62 57
30 62 63 57
31 57 63 64
32 63 70 64
33 63 69 70
34 69 12 70
35 69 11 12
36 70 12 13
37 70 13 15
38 13 14 15
39 16 70 15
40 64 70 16
41 17 64 16
42 57 64 17
43 51 57 17
44 51 17 52
45 52 17 18
46 46 52 18
47 51 52 46
48 45 51 46
49 44 51 45
50 44 50 51
51 50 57 51
52 50 56 57
53 46 18 19
54 21 46 19
55 21 19 20
56 22 46 21
57 23 46 22
58 23 45 46
59 23 44 45
60 24 44 23
61 25 44 24
62 38 44 25
63 37 44 38
64 37 43 44
65 43 49 44
66 49 50 44
67 49 55 50
68 55 56 50
69 48 55 49
70 48 54 55
71 53 54 48
72 47 53 48
73 34 53 47
74 34 0 53
75 33 34 47
76 33 47 41
77 41 47 42
78 47 48 42
79 42 48 49
80 42 49 43
81 42 43 37
82 36 42 37
83 32 42 36
84 32 41 42
85 32 33 41
86 31 32 36
87 31 36 37
88 31 37 30
89 30 37 38
90 30 38 29
91 29 38 26
92 28 29 26
93 28 26 27
94 38 25 26
